oid,mjd,mag,magerr,catflags,filtercode,ra,dec
598115200013252,58262.4710417,20.5638962,0.157092929,0,zg,345.8199147,22.6435531
598115200013252,58279.4631134,20.5818176,0.158528805,0,zg,345.8198707,22.6434757
598115200013252,58282.4313079,20.553196,0.156235695,0,zg,345.8198802,22.6434493
598115200013252,58285.4443981,20.6910648,0.167281508,0,zg,345.8200271,22.6435496
598115200013252,58288.424838,20.5305023,0.154417515,0,zg,345.8199198,22.6435132
598115200013252,58291.4427778,20.7448864,0.171593547,0,zg,345.8200452,22.6435391
598115200013252,58296.4748495,20.5291901,0.154312372,0,zg,345.8197362,22.6433739
598115200013252,58316.4147454,20.5812683,0.158484817,0,zg,345.819977,22.6436261
598115200013252,58319.4155556,20.9209099,0.185696363,0,zg,345.8200664,22.6435651
598115200013252,58322.4573148,20.4667816,0.148363918,0,zg,345.8200846,22.6435164
598115200013252,58337.3792361,20.7833138,0.174672365,0,zg,345.8199469,22.6435426
598115200013252,58342.4138194,21.2079201,0.20869112,0,zg,345.8198487,22.6435794
598115200013252,58343.3991435,20.5951595,0.159597754,0,zg,345.8199909,22.6434967
598115200013252,58343.4161227,20.8382683,0.179075241,0,zg,345.8199325,22.6436126
598115200013252,58344.3773032,20.7341537,0.17073369,0,zg,345.8200034,22.6435528
598115200013252,58346.3505671,20.8745708,0.181983709,0,zg,345.8199704,22.6435811
598115200013252,58349.3794907,20.7921143,0.175377369,0,zg,345.8199483,22.643484
598115200013252,58352.3793171,20.6798401,0.166382194,0,zg,345.8199099,22.6434322
598115200013252,58364.2740278,20.8429947,0.17945385,0,zg,345.8199812,22.6435349
598115200013252,58367.2993287,20.8290691,0.17833817,0,zg,345.819996,22.6434916
598115200013252,58369.3079977,21.0712357,0.197740197,0,zg,345.8199307,22.6435629
598115200013252,58370.3477662,20.8020878,0.176176429,0,zg,345.8199287,22.6436167
598115200013252,58373.3626736,21.0754662,0.198079109,0,zg,345.8199116,22.6436561
598115200013252,58376.295,20.8432693,0.179475904,0,zg,345.8202832,22.6435597
598115200013252,58379.3529398,20.7687645,0.173506737,0,zg,345.8199996,22.6434891
598115200013252,58400.2524884,20.9256783,0.18607831,32768,zg,345.8197517,22.6434737
598115200013252,58638.4466898,20.5250759,0.153982759,0,zg,345.820015,22.6434672
598115200013252,58641.4430556,20.9240131,0.185944915,0,zg,345.8200449,22.6435401
598115200013252,58644.4461458,20.513998,0.153095245,0,zg,345.8200377,22.643661
598115200013252,58668.4487269,20.8182373,0.177470326,0,zg,345.8200101,22.6435485
598115200013252,58674.4527778,20.7214737,0.169717789,0,zg,345.8199578,22.6435762
598115200013252,58677.4623958,20.9290352,0.186347246,0,zg,345.8199653,22.6435445
598115200013252,58690.4552083,20.6742058,0.165930748,0,zg,345.8199364,22.6435694
598115200013252,58690.4920602,20.8121758,0.176984668,0,zg,345.819999,22.6435876
598115200013252,58693.4142245,20.9602871,0.188851118,0,zg,345.8199846,22.6435355
598115200013252,58694.4351736,20.726572,0.170126319,0,zg,345.8199815,22.6435842
598115200013252,58695.4037731,20.8758049,0.182082534,0,zg,345.8200292,22.6435722
598115200013252,58704.3784838,20.7043819,0.168348432,0,zg,345.8199834,22.6435541
598115200013252,58707.4329282,20.9550171,0.188428879,0,zg,345.8200641,22.6436445
598115200013252,58720.401169,20.9822464,0.190610528,0,zg,345.8200251,22.6435303
598115200013252,58722.4023495,20.9447765,0.18760848,0,zg,345.8199794,22.643493
598115200013252,58723.4012963,21.0313034,0.194540858,0,zg,345.8199076,22.6435805
598115200013252,58725.3714352,20.7789993,0.174326658,0,zg,345.8199025,22.6435481
598115200013252,58727.3813773,20.9540882,0.188354492,0,zg,345.8199687,22.6435851
598115200013252,58730.3297338,20.6017838,0.160128474,32768,zg,345.8199732,22.6435213
598115200013252,58730.3306366,20.7949066,0.175601125,0,zg,345.8199765,22.643609
598115200013252,58732.3839005,20.7201691,0.169613242,0,zg,345.8200236,22.6435279
598115200013252,58734.3956019,21.0430412,0.1954813,0,zg,345.8201227,22.6436047
598115200013252,58736.4424769,20.8954411,0.183655739,0,zg,345.8199443,22.6435695
598115200013252,58736.4563079,20.6870461,0.166959524,0,zg,345.8199897,22.6437028
598115200013252,58745.1996296,20.7702866,0.173628569,0,zg,345.8199209,22.6435512
598115200013252,58747.1995718,20.9153652,0.18525207,0,zg,345.8199281,22.6434955
598115200013252,58749.2002894,20.754797,0.1723876,0,zg,345.8199817,22.6435952
598115200013252,58751.1982639,20.5085983,0.152662635,0,zg,345.8199995,22.6435386
598115200013252,58754.1980556,20.6006393,0.160036802,0,zg,345.8200003,22.6434858
598115200013252,58757.1641782,20.8152618,0.177231908,0,zg,345.8199753,22.6436773
598115200013252,58760.1995139,20.9296379,0.186395645,0,zg,345.8199824,22.6435185
598115200013252,58762.1978009,20.9882164,0.191088796,0,zg,345.8198418,22.6436247
598115200013252,58763.1992477,20.4868107,0.150534734,0,zg,345.8199625,22.6435288
598115200013252,58777.1870602,20.4396019,0.14545764,0,zg,345.8199813,22.6435238
598115200013252,58785.2204977,20.9884243,0.191105485,0,zg,345.8200119,22.6434653
598115200013252,58791.1978009,20.4406815,0.145571992,0,zg,345.8200488,22.6435418
598115200013252,58806.1803704,20.803318,0.176275015,0,zg,345.8201174,22.6436165
598115200013252,58811.1755208,20.979641,0.190401793,0,zg,345.8200879,22.6436259
598115200013252,58812.1643634,20.8874664,0.183016896,0,zg,345.8201044,22.6435822
598115200013252,58998.4509259,20.7809925,0.174486399,0,zg,345.8199489,22.6435176
598115200013252,59014.3900347,20.7603455,0.172832131,0,zg,345.8199649,22.6435065
598115200013252,59022.3571065,20.6084404,0.160661817,0,zg,345.8198979,22.6436326
598115200013252,59025.3397801,20.5321922,0.154552937,0,zg,345.8200397,22.6436126
598115200013252,59028.4543519,20.5996609,0.159958363,0,zg,345.819803,22.643541
598115200013252,59032.4840278,20.3700752,0.138232842,0,zg,345.8199766,22.6435191
598115200013252,59040.479375,20.6893024,0.167140365,0,zg,345.8199135,22.6435262
598115200013252,59043.3598727,20.3475151,0.13595362,0,zg,345.8199489,22.643566
598115200013252,59046.4618171,20.6496849,0.163966179,0,zg,345.8199759,22.64354
598115200013252,59048.4875579,20.8209248,0.177685618,0,zg,345.8199797,22.6434545
598115200013252,59052.4526852,20.8789062,0.182331085,0,zg,345.8200206,22.6435679
598115200013252,59052.4890741,20.60116,0.160078526,0,zg,345.8198997,22.6435304
598115200013252,59053.4066319,20.7823982,0.174598932,0,zg,345.8199636,22.6435707
598115200013252,59054.4948958,20.5464287,0.155693531,0,zg,345.8199452,22.6435279
598115200013252,59055.4057176,20.8904228,0.183253765,0,zg,345.8199216,22.6435675
598115200013252,59056.4289815,20.8294182,0.178366184,0,zg,345.8199146,22.6435139
598115200013252,59059.4144097,20.6771317,0.166165233,0,zg,345.8199864,22.6435783
598115200013252,59059.4172222,20.5263557,0.154085279,0,zg,345.8199949,22.643507
598115200013252,59060.3718056,21.0138321,0.193141103,0,zg,345.819957,22.6435769
598115200013252,59062.4581366,20.5475082,0.155779958,0,zg,345.8199134,22.6435986
598115200013252,59071.4187153,20.6236286,0.161878586,0,zg,345.8199306,22.6435846
598115200013252,59071.4527778,20.4040756,0.141728222,0,zg,345.8199171,22.6435079
598115200013252,59073.3395833,20.6538239,0.164297819,0,zg,345.8200446,22.6436358
598115200013252,59075.3814352,20.8352375,0.178832412,0,zg,345.8200124,22.6435863
598115200013252,59077.3745023,20.7244778,0.169958472,0,zg,345.8199653,22.6435215
598115200013252,59077.3765625,20.509613,0.152743936,0,zg,345.819946,22.6435427
598115200013252,59079.3315278,20.7362862,0.170904517,0,zg,345.8199153,22.6435297
598115200013252,59081.3079051,20.724638,0.169971347,0,zg,345.8199805,22.6435828
598115200013252,59085.3725463,20.8870869,0.182986498,0,zg,345.819928,22.6435872
598115200013252,59087.3371875,20.6212368,0.161687016,0,zg,345.8199468,22.6435491
598115200013252,59088.3255324,20.601368,0.160095096,0,zg,345.8200058,22.6435531
598115200013252,59089.3110417,20.7906361,0.175258994,0,zg,345.8199317,22.6434003
598115200013252,59090.3993403,20.6899109,0.167189002,0,zg,345.8199678,22.6435931
598115200013252,59092.3035185,20.0553589,0.10927815,0,zg,345.8200945,22.6436144
598115200013252,59106.3121296,20.6892357,0.167135,32768,zg,345.8200742,22.6434926
598115200013252,59107.3507407,20.4615173,0.14779745,0,zg,345.8199867,22.6435693
598115200013252,59109.3112269,20.8232231,0.177869797,0,zg,345.8199657,22.6435177
598115200013252,59111.341794,20.787756,0.175028205,0,zg,345.8200753,22.6435692
598115200013252,59112.2740972,20.7319508,0.170557261,0,zg,345.8199729,22.6435687
598115200013252,59112.3027083,20.7545776,0.172370076,0,zg,345.819926,22.6435713
598115200013252,59114.3179282,20.6999664,0.167994738,0,zg,345.8198984,22.643545
598115200013252,59115.2707176,20.6756535,0.166046739,0,zg,345.8199128,22.643597
598115200013252,59116.2453241,20.5827217,0.158601284,0,zg,345.8198955,22.6435982
598115200013252,59117.266713,20.9414043,0.187338352,0,zg,345.8199598,22.6435683
598115200013252,59118.3572685,20.6542435,0.164331436,0,zg,345.8201081,22.6435596
598115200013252,59119.2224306,20.5888157,0.159089446,0,zg,345.8198839,22.6434863
598115200013252,59121.3278704,20.2581024,0.127232596,0,zg,345.8199174,22.6435227
598115200013252,59129.2947454,20.8195915,0.177578807,0,zg,345.8199233,22.6436073
598115200013252,59131.2547338,20.6693993,0.165545702,0,zg,345.8199171,22.643564
598115200013252,59134.2336111,20.6020088,0.160146475,0,zg,345.819933,22.6434979
598115200013252,59136.2483796,20.6453743,0.16362083,0,zg,345.8200125,22.643612
598115200013252,59138.2486111,20.7614422,0.172919989,0,zg,345.8199636,22.6435684
598115200013252,59144.1693171,20.5652771,0.157203555,32768,zg,345.8199403,22.6435547
598115200013252,59157.1946875,20.9308395,0.186491847,0,zg,345.8200712,22.643457
598115200013252,59169.2328704,20.62076,0.16164875,0,zg,345.8199495,22.6436165
598115200013252,59171.1745139,20.7047157,0.168375254,0,zg,345.820026,22.6435356
598115200013252,59184.1619097,20.4741077,0.149154946,0,zg,345.8199955,22.6435302
598115200013252,59188.1281019,20.9898129,0.191216707,0,zg,345.8200048,22.643482
598115200013252,59193.1280903,20.2858582,0.129886508,32768,zg,345.8200549,22.6434274
598115200013252,59198.0958681,20.6151714,0.161201,0,zg,345.8199496,22.6435655
598115200013252,59203.0961227,20.9571438,0.188599348,0,zg,345.819868,22.6437468
598115200013252,59215.0919444,20.5994186,0.159938931,0,zg,345.8199064,22.6436031
598115200013252,59223.1314236,20.3403358,0.135234773,0,zg,345.8199373,22.6434005
598115200013252,59225.1115046,20.5420818,0.155345201,0,zg,345.8200038,22.6434933
598115200013252,59227.123287,20.7074471,0.168594003,0,zg,345.8200381,22.6434531
598115200013252,59233.133125,20.6109486,0.160862684,0,zg,345.8202015,22.6435515
598115200013252,59375.4322338,20.3071575,0.131955385,0,zg,345.8201368,22.6435735
598115200013252,59377.4550116,20.406395,0.141969338,0,zg,345.8199481,22.6435332
598115200013252,59385.4215856,20.4982128,0.151781857,0,zg,345.8199462,22.6434759
598115200013252,59396.4500926,20.6590672,0.164717913,0,zg,345.8201247,22.6436314
598115200013252,59400.402581,20.4801483,0.149809942,0,zg,345.819919,22.643546
598115200013252,59402.4449074,20.7773399,0.17419374,0,zg,345.8200042,22.6433985
598115200013252,59404.381875,20.4566479,0.147274837,0,zg,345.8199594,22.6436035
598115200013252,59409.4227083,20.7495461,0.17196691,0,zg,345.8199701,22.64349
598115200013252,59411.4019792,20.646904,0.163743377,0,zg,345.8199874,22.643563
598115200013252,59414.4018634,20.5338173,0.154683113,0,zg,345.8199547,22.6435454
598115200013252,59426.3735995,20.5336914,0.15467298,0,zg,345.8199946,22.6434907
598115200013252,59428.3258796,20.4374046,0.145224601,0,zg,345.8199509,22.6435365
598115200013252,59430.4076389,20.644413,0.16354382,0,zg,345.8199742,22.6435225
598115200013252,59435.4010185,20.5520992,0.156147838,0,zg,345.8199842,22.6435306
598115200013252,59440.4014236,20.6417618,0.163331389,0,zg,345.8200074,22.6435344
598115200013252,59443.3397569,20.3817902,0.139429092,0,zg,345.8199227,22.6435823
598115200013252,59446.4503356,20.6138744,0.161097169,0,zg,345.8199159,22.6434908
598115200013252,59453.3816551,20.6491547,0.16392374,0,zg,345.8200118,22.643492
598115200013252,59455.3305208,20.7064743,0.16851604,0,zg,345.8200532,22.6435803
598115200013252,59459.3170949,20.5654736,0.157219291,0,zg,345.8199446,22.6436003
598115200013252,59461.2417014,20.4678612,0.148480117,0,zg,345.819899,22.6435364
598115200013252,59463.3393519,20.8237,0.177908063,0,zg,345.8199991,22.6434249
598115200013252,59465.3320833,20.5813522,0.158491492,0,zg,345.8200738,22.6435445
598115200013252,59469.2699653,20.674778,0.165976644,0,zg,345.8199307,22.6435627
598115200013252,59488.2581134,20.5040627,0.152299166,0,zg,345.8200193,22.6435032
598115200013252,59504.2362963,20.5779686,0.15822041,0,zg,345.8200442,22.6435694
598115200013252,59510.2679514,20.4789391,0.149678707,0,zg,345.8197594,22.6433518
598115200013252,59517.2046644,20.7033005,0.168261766,0,zg,345.819949,22.6435602
598115200013252,59520.2768634,20.5308266,0.154443502,0,zg,345.8199469,22.6435982
598115200013252,59522.2375347,20.7132645,0.169060111,0,zg,345.8198723,22.643594
598115200013252,59524.1517361,20.7978973,0.175840735,0,zg,345.8199625,22.6435571
598115200013252,59526.2149884,20.6661377,0.165284395,0,zg,345.8199482,22.6435049
598115200013252,59529.2142014,20.3739262,0.138625041,0,zg,345.8200846,22.6435154
598115200013252,59701.479456,20.3432484,0.135526031,32768,zg,345.8197321,22.6435024
598115200013252,59701.4855093,20.272419,0.128595516,0,zg,345.8199371,22.6433249
646103400004026,58246.4829514,20.5717525,0.146150947,0,zg,345.8198893,22.6435646
646103400004026,58262.4715046,20.5863838,0.147183537,32768,zg,345.8198834,22.6435408
646103400004026,58273.4736921,20.2359066,0.118330091,0,zg,345.8199756,22.643568
646103400004026,58275.4701968,20.5667229,0.145795941,0,zg,345.819891,22.6435355
646103400004026,58276.4029977,20.4096832,0.133002967,0,zg,345.8199347,22.6434965
646103400004026,58277.4703588,20.5302925,0.143224597,0,zg,345.8199881,22.6437123
646103400004026,58278.4269907,20.6845665,0.154113412,0,zg,345.8198955,22.6436822
646103400004026,58279.4582292,20.8333282,0.164613247,0,zg,345.8199506,22.6435999
646103400004026,58280.4423032,20.5280838,0.143068671,0,zg,345.8199059,22.6435821
646103400004026,58281.4251157,20.7211838,0.156697989,0,zg,345.8199477,22.6435775
646103400004026,58282.4308449,20.503849,0.141358137,0,zg,345.8199575,22.6435736
646103400004026,58282.4317593,20.412096,0.13321501,0,zg,345.8201267,22.643566
646103400004026,58283.4568056,20.7578831,0.159288287,0,zg,345.8199877,22.6434986
646103400004026,58285.4448495,20.8146706,0.163296342,0,zg,345.8199378,22.6435967
646103400004026,58291.4461227,20.6149921,0.149202824,0,zg,345.8199775,22.6436378
646103400004026,58316.4138079,20.7401218,0.158034682,32768,zg,345.8200143,22.6435903
646103400004026,58319.4146181,20.5558662,0.145029664,0,zg,345.8199104,22.6435783
646103400004026,58322.4568634,20.7877617,0.161397099,0,zg,345.8199634,22.643507
646103400004026,58337.3796875,20.7570229,0.15922749,0,zg,345.8199288,22.6435792
646103400004026,58340.3685764,20.6262779,0.14999938,32768,zg,345.8198757,22.6435692
646103400004026,58343.4172917,20.8073406,0.162779093,0,zg,345.8199876,22.6435503
646103400004026,58346.3501157,20.6674194,0.152903199,0,zg,345.8199342,22.6435744
646103400004026,58349.3799537,20.9367294,0.171911478,0,zg,345.819956,22.6435599
646103400004026,58352.3993519,20.6386871,0.150875211,0,zg,345.819919,22.6435279
646103400004026,58367.3002662,20.8982811,0.169197798,0,zg,345.8198781,22.6435753
646103400004026,58370.3552083,20.8831158,0.168127298,0,zg,345.8199167,22.6436545
646103400004026,58373.363588,21.0598335,0.180600405,0,zg,345.820069,22.6435868
646103400004026,58376.295463,20.8114357,0.163068056,0,zg,345.8199369,22.6435206
646103400004026,58379.3379167,20.6762104,0.153523684,0,zg,345.8199092,22.6435919
646103400004026,58382.2577662,20.8536987,0.16605103,0,zg,345.8198645,22.6435495
646103400004026,58400.2843403,20.6403427,0.150992036,0,zg,345.8199523,22.6435336
646103400004026,58423.2218519,20.9352283,0.171805501,0,zg,345.8199709,22.6436739
646103400004026,58429.2161343,20.8835106,0.168155193,0,zg,345.8199283,22.6436022
646103400004026,58434.1663889,20.7161484,0.156342506,0,zg,345.819934,22.6434715
646103400004026,58437.2163657,20.695837,0.154908895,0,zg,345.8199067,22.6435796
646103400004026,58487.1329514,20.649292,0.151623726,0,zg,345.8199004,22.6434205
646103400004026,58634.4734375,20.729557,0.157288909,0,zg,345.8199748,22.6434924
646103400004026,58637.4681366,21.3001366,0.197561264,0,zg,345.820023,22.6435032
646103400004026,58643.4467361,20.7800751,0.160854578,0,zg,345.8197334,22.6436148
646103400004026,58646.444537,20.8206177,0.163716197,32768,zg,345.8197945,22.6436511
646103400004026,58658.4670255,20.7866478,0.161318541,0,zg,345.8199502,22.6434294
646103400004026,58661.4746296,20.5516338,0.144730926,0,zg,345.8198823,22.6436214
646103400004026,58665.4747801,21.0636883,0.18087244,0,zg,345.8198358,22.6436097
646103400004026,58668.4496412,20.7411461,0.158106923,0,zg,345.8199409,22.643563
646103400004026,58677.4628588,20.9892464,0.175618172,0,zg,345.8199263,22.6436223
646103400004026,58690.4556597,20.9286194,0.171339035,0,zg,345.8200474,22.6435097
646103400004026,58693.4132986,20.7676353,0.159976602,0,zg,345.8199296,22.6435387
646103400004026,58696.4169444,20.92062,0.17077446,0,zg,345.819877,22.6436058
646103400004026,58699.4218171,20.7842159,0.161146879,32768,zg,345.8200376,22.6436149
646103400004026,58704.3789352,20.7446232,0.158352375,0,zg,345.81981,22.6435324
646103400004026,58707.4319907,20.8603992,0.166523933,0,zg,345.8198966,22.6434122
646103400004026,58722.4032523,21.0169048,0.177570343,0,zg,345.8199837,22.6435175
646103400004026,58723.4022106,20.7146358,0.156235814,0,zg,345.8199162,22.643524
646103400004026,58723.4142361,21.0079708,0.176939845,0,zg,345.8199374,22.6435455
646103400004026,58726.4005787,20.759306,0.159388661,0,zg,345.8201311,22.6436168
646103400004026,58727.3822801,21.0285416,0.178391695,0,zg,345.8199548,22.6435181
646103400004026,58730.3301852,20.5901337,0.147448301,32768,zg,345.8199166,22.6436058
646103400004026,58732.3848148,20.9537544,0.173113108,0,zg,345.8199232,22.6436036
646103400004026,58734.3946991,20.8403778,0.165110826,0,zg,345.8199632,22.6436415
646103400004026,58735.4036343,20.7754745,0.160529852,0,zg,345.8198631,22.643567
646103400004026,58736.4433796,20.7611694,0.159520149,0,zg,345.8200982,22.64343
646103400004026,58736.4554051,20.8368874,0.16486454,0,zg,345.8202142,22.6435395
646103400004026,58744.1984259,20.7047462,0.155537724,0,zg,345.8199248,22.6435162
646103400004026,58745.1985648,21.2462997,0.193761349,0,zg,345.8201217,22.643453
646103400004026,58748.1973843,20.8914032,0.168712258,0,zg,345.8200439,22.6435471
646103400004026,58750.199537,20.7372704,0.157833338,0,zg,345.8198643,22.6436012
646103400004026,58751.1971644,20.8101616,0.162978172,0,zg,345.8198843,22.6434955
646103400004026,58754.1969329,21.1217346,0.184969425,0,zg,345.8199638,22.6434999
646103400004026,58760.1983102,21.0481377,0.17977488,0,zg,345.8199461,22.6434518
646103400004026,58762.1965741,20.7993336,0.162213922,0,zg,345.8199071,22.6436233
646103400004026,58763.1980093,20.7630005,0.159649491,0,zg,345.8199152,22.6435403
646103400004026,58764.3626389,20.7869873,0.161342502,0,zg,345.8199898,22.6435132
646103400004026,58777.1875116,20.9336624,0.171694994,0,zg,345.820117,22.643624
646103400004026,58785.2218866,20.9257736,0.171138167,32768,zg,345.8201712,22.6436031
646103400004026,58791.195544,20.5251656,0.142862678,0,zg,345.8199344,22.6435541
646103400004026,58794.1951852,20.6241837,0.149851561,0,zg,345.8200443,22.6434765
646103400004026,58806.1812847,20.6748886,0.153430343,0,zg,345.8200343,22.6434831
646103400004026,58811.1764352,20.6158695,0.149264693,0,zg,345.8199935,22.6435496
646103400004026,58812.166169,20.8316669,0.164496064,0,zg,345.819997,22.6435503
646103400004026,58835.1221181,20.3037033,0.123909399,0,zg,345.8201356,22.6436337
646103400004026,58862.1230671,20.7001438,0.155212879,0,zg,345.820114,22.6435665
646103400004026,58963.4894097,20.1654491,0.112738937,0,zg,345.8200943,22.6434135
646103400004026,58996.4530208,20.7220039,0.156755805,0,zg,345.8200122,22.6435176
646103400004026,58999.431794,20.6310253,0.150334477,32768,zg,345.8198389,22.6434602
646103400004026,59014.3953819,20.733942,0.157598495,0,zg,345.8199137,22.6437211
646103400004026,59018.3960532,20.8084526,0.162857533,0,zg,345.8200898,22.643644
646103400004026,59022.3891898,20.5787849,0.146647215,0,zg,345.8200332,22.6435156
646103400004026,59025.3402431,20.7150574,0.156265497,0,zg,345.8200511,22.6435101
646103400004026,59028.4548148,20.6169071,0.149338007,0,zg,345.8199642,22.6434508
646103400004026,59028.4586227,20.7767639,0.160620928,0,zg,345.8201113,22.643534
646103400004026,59032.4835532,20.6372547,0.150774121,0,zg,345.8200066,22.6434931
646103400004026,59043.3692361,20.766716,0.159911752,0,zg,345.8200637,22.6435654
646103400004026,59046.4613426,20.7836342,0.161105752,0,zg,345.8199522,22.6435062
646103400004026,59048.458669,20.665163,0.152743936,0,zg,345.8199577,22.6434882
646103400004026,59048.4894213,20.6656246,0.15277648,0,zg,345.8199224,22.643525
646103400004026,59050.4084838,20.4595413,0.137427092,0,zg,345.8199289,22.6435296
646103400004026,59051.4539583,20.5603085,0.145343184,0,zg,345.8199024,22.6435522
646103400004026,59052.4522106,20.563324,0.145555973,0,zg,345.8199954,22.6435397
646103400004026,59052.4531481,20.6921501,0.154648781,0,zg,345.8199382,22.6435052
646103400004026,59052.4904977,20.8044853,0.16257751,0,zg,345.8199331,22.6436072
646103400004026,59053.3810301,20.8355408,0.164769411,0,zg,345.819893,22.643527
646103400004026,59053.4005093,20.6730824,0.153302908,0,zg,345.8199019,22.6435915
646103400004026,59054.456412,20.7036934,0.155463457,0,zg,345.8199531,22.6435199
646103400004026,59054.4939699,20.6022148,0.148301005,0,zg,345.8200517,22.6436306
646103400004026,59055.4038542,20.7823334,0.161013961,32768,zg,345.8199869,22.6435907
646103400004026,59055.4047801,20.6087418,0.14876163,0,zg,345.8200323,22.6434929
646103400004026,59056.4280556,20.7672768,0.159951329,0,zg,345.8199364,22.6435889
646103400004026,59056.4285185,20.8702812,0.167221427,0,zg,345.8199329,22.6435473
646103400004026,59057.4024074,20.6314926,0.150367379,0,zg,345.8199152,22.6436098
646103400004026,59059.4036806,20.7369919,0.157813668,0,zg,345.8199892,22.6435624
646103400004026,59059.4046065,20.718235,0.156489849,0,zg,345.8199886,22.643545
646103400004026,59059.4148727,20.6505966,0.151715875,0,zg,345.8199319,22.6435754
646103400004026,59060.3481597,20.3876991,0.131080881,0,zg,345.8198851,22.6435871
646103400004026,59061.4634144,20.592844,0.147639513,0,zg,345.8199571,22.6435665
646103400004026,59068.4784259,20.6887894,0.154411554,0,zg,345.8201093,22.6435364
646103400004026,59069.3378356,20.4984741,0.140941039,0,zg,345.8200488,22.6435547
646103400004026,59071.3982176,20.5781784,0.146604419,0,zg,345.8200107,22.6435047
646103400004026,59071.3991435,20.5535507,0.144866228,0,zg,345.8199515,22.6435
646103400004026,59071.4518403,20.7616711,0.159555674,0,zg,345.8199638,22.6435109
646103400004026,59072.4344213,20.3680744,0.129380614,0,zg,345.8200324,22.6435554
646103400004026,59073.3304051,20.4775562,0.139046878,0,zg,345.8200404,22.6434702
646103400004026,59073.3386574,20.7198582,0.156604409,0,zg,345.8199754,22.6435843
646103400004026,59075.3480208,20.8288841,0.164299607,0,zg,345.8199339,22.6435611
646103400004026,59075.3809722,20.6378059,0.150812984,0,zg,345.8200158,22.643568
646103400004026,59077.3749653,20.7219772,0.156754017,0,zg,345.8199513,22.6435734
646103400004026,59077.4175347,20.6888275,0.154414177,0,zg,345.8199026,22.643553
646103400004026,59077.4190509,20.5189342,0.142422915,0,zg,345.8200599,22.6435402
646103400004026,59079.3324653,20.6082344,0.148725867,0,zg,345.8198966,22.6435686
646103400004026,59079.3374306,20.9363422,0.171884179,0,zg,345.8200443,22.6435305
646103400004026,59080.4201157,20.5996857,0.14812243,0,zg,345.8199685,22.6435361
646103400004026,59080.4279282,20.4714184,0.138493642,0,zg,345.820052,22.6435017
646103400004026,59081.3069676,20.6209373,0.14962244,0,zg,345.8199539,22.6434854
646103400004026,59081.31625,20.6608181,0.15243721,0,zg,345.8199308,22.6435127
646103400004026,59082.3169676,20.9759903,0.174682617,0,zg,345.820087,22.6433974
646103400004026,59084.3989352,20.6488113,0.15158987,0,zg,345.8199764,22.6435306
646103400004026,59084.4,20.6170464,0.149347782,0,zg,345.8198979,22.6435523
646103400004026,59085.3554745,20.7288704,0.15724051,0,zg,345.8199029,22.6435906
646103400004026,59085.3720833,20.6780682,0.153654814,0,zg,345.8198737,22.6435924
646103400004026,59086.2960185,20.7730522,0.160358906,0,zg,345.8199048,22.6435907
646103400004026,59087.336713,20.7576904,0.159274697,0,zg,345.8199287,22.6435814
646103400004026,59087.3376505,20.5291176,0.143141627,0,zg,345.8199097,22.6435575
646103400004026,59088.3269329,20.7458916,0.158441901,0,zg,345.8200094,22.6435497
646103400004026,59089.392581,20.825222,0.164041162,0,zg,345.8199554,22.6436226
646103400004026,59090.4002778,20.6261749,0.149992108,0,zg,345.820084,22.6435123
646103400004026,59090.4012153,20.5749111,0.146373868,0,zg,345.8200324,22.6435524
646103400004026,59091.3057639,20.0393085,0.103271998,0,zg,345.8199573,22.6435394
646103400004026,59091.448588,20.7429848,0.158236742,0,zg,345.8202168,22.643521
646103400004026,59106.2950926,20.645031,0.151322961,32768,zg,345.8199547,22.6435774
646103400004026,59106.2960532,20.5890656,0.147372842,32768,zg,345.8197722,22.6435916
646103400004026,59106.2969907,20.6623497,0.152545333,32768,zg,345.8199394,22.6435384
646103400004026,59106.3125926,20.447834,0.136380225,32768,zg,345.8199885,22.6435479
646103400004026,59106.4021065,20.6715736,0.153196454,32768,zg,345.8198805,22.6435513
646103400004026,59107.3385069,20.7030792,0.155420065,0,zg,345.8199245,22.6435093
646103400004026,59107.3516782,20.8684082,0.167089224,0,zg,345.819825,22.6434793
646103400004026,59107.3824074,20.7163181,0.156354547,0,zg,345.8199405,22.6436013
646103400004026,59108.2891667,20.5778961,0.146584511,0,zg,345.8199255,22.6435546
646103400004026,59108.3074653,20.7037964,0.155470729,0,zg,345.8199682,22.6435745
646103400004026,59108.3589236,20.6618881,0.152512789,0,zg,345.8198529,22.6435041
646103400004026,59109.3457639,20.6287994,0.15017736,32768,zg,345.8200434,22.6435644
646103400004026,59109.3467014,20.5327282,0.143396497,32768,zg,345.8199928,22.6435634
646103400004026,59110.3114236,20.5535011,0.144862652,0,zg,345.8199952,22.6436881
646103400004026,59110.3484144,21.0187607,0.177701354,0,zg,345.8196966,22.643717
646103400004026,59110.3493519,20.4804115,0.139304489,0,zg,345.8200364,22.6435689
646103400004026,59110.3498148,20.8448982,0.16542995,0,zg,345.8198832,22.6435218
646103400004026,59111.3377894,20.536253,0.143645287,0,zg,345.8199724,22.6435741
646103400004026,59111.3387153,20.8836727,0.168166637,0,zg,345.8199001,22.6435999
646103400004026,59111.3427315,20.4769363,0.138990968,0,zg,345.8199423,22.6435958
646103400004026,59111.3641204,20.4534912,0.136885464,0,zg,345.8199755,22.6435501
646103400004026,59112.1662731,20.8937149,0.168875456,0,zg,345.8197944,22.643586
646103400004026,59112.3041088,20.5758972,0.146443486,0,zg,345.819996,22.6435333
646103400004026,59112.3328819,20.7252483,0.156984806,0,zg,345.8200068,22.643544
646103400004026,59113.1906829,20.7484474,0.158622265,0,zg,345.8199954,22.6435647
646103400004026,59113.3652431,20.6685677,0.152984262,0,zg,345.8199775,22.6435171
646103400004026,59113.3726505,20.7608681,0.15949893,0,zg,345.8199717,22.6434885
646103400004026,59114.2054745,20.905632,0.169716597,0,zg,345.8199151,22.6435375
646103400004026,59114.3155671,20.7906075,0.161597967,0,zg,345.8198669,22.6435743
646103400004026,59114.3174537,20.643507,0.151215434,0,zg,345.8198938,22.6435943
646103400004026,59114.3412269,20.611105,0.148928404,0,zg,345.819924,22.6435349
646103400004026,59115.2157292,20.4197903,0.133892566,0,zg,345.8199213,22.6435936
646103400004026,59115.2702546,20.6742363,0.153384328,0,zg,345.8200182,22.6435328
646103400004026,59116.2443866,20.3735027,0.129849494,0,zg,345.8199386,22.6435526
646103400004026,59116.2725231,20.6062069,0.148582697,0,zg,345.8199774,22.6435492
646103400004026,59116.2963542,20.6338577,0.150534391,0,zg,345.819969,22.6435796
646103400004026,59116.2972917,20.6676598,0.152920127,0,zg,345.8199079,22.6434623
646103400004026,59116.2982292,20.6639137,0.152655721,0,zg,345.8198914,22.643571
646103400004026,59117.2671759,20.4416656,0.135830671,0,zg,345.8200134,22.6435231
646103400004026,59117.3201505,20.6222305,0.149713755,0,zg,345.8200139,22.6435482
646103400004026,59117.3210764,20.4525108,0.13679789,0,zg,345.8199689,22.6435861
646103400004026,59118.1914468,20.4162979,0.133584693,0,zg,345.8199977,22.6435547
646103400004026,59118.3581944,20.7239876,0.156895876,0,zg,345.8199665,22.6435007
646103400004026,59118.4423148,20.4398518,0.135669261,0,zg,345.8200026,22.6435997
646103400004026,59119.2233681,20.7000504,0.155206323,0,zg,345.8198464,22.6435416
646103400004026,59119.3626736,20.3962269,0.131824359,0,zg,345.8199636,22.6434529
646103400004026,59119.3636111,20.6800289,0.153793216,0,zg,345.8200271,22.6435252
646103400004026,59120.4528356,20.6682472,0.152961612,0,zg,345.8198893,22.6434871
646103400004026,59121.1850116,20.3977985,0.131961644,0,zg,345.8200488,22.6433028
646103400004026,59121.2765394,20.4504261,0.13661176,0,zg,345.8197136,22.6435165
646103400004026,59124.1534028,19.8916302,0.0930844769,0,zg,345.8201285,22.643415
646103400004026,59125.1912037,20.3620663,0.128863007,0,zg,345.8201148,22.6434455
646103400004026,59125.2323264,20.3758202,0.130049989,0,zg,345.8200982,22.6435229
646103400004026,59126.2695255,20.256237,0.119982913,0,zg,345.8199754,22.643676
646103400004026,59128.2827083,20.7129955,0.156120062,0,zg,345.8199079,22.6435179
646103400004026,59128.2836343,20.5894604,0.147400737,0,zg,345.8200366,22.6436048
646103400004026,59129.2770718,20.9280586,0.171299458,0,zg,345.8200469,22.6435005
646103400004026,59129.2970833,20.6058693,0.148558855,0,zg,345.8198563,22.6436047
646103400004026,59129.308669,20.8867512,0.168383956,0,zg,345.819834,22.6434896
646103400004026,59129.36,20.6196175,0.149529219,0,zg,345.8200219,22.6434761
646103400004026,59130.2401505,20.7669048,0.159924984,0,zg,345.8199155,22.6436508
646103400004026,59130.3628819,20.7747955,0.16048193,0,zg,345.8200253,22.643526
646103400004026,59130.3967245,20.6755085,0.153474092,0,zg,345.8200031,22.643515
646103400004026,59131.2576042,20.6264763,0.150013328,0,zg,345.8199038,22.6435658
646103400004026,59131.2585417,20.6803741,0.153817534,0,zg,345.8200638,22.643523
646103400004026,59131.2594792,20.8645992,0.166820407,0,zg,345.8199655,22.6435216
646103400004026,59134.2345718,20.6577263,0.152219057,0,zg,345.8199085,22.643567
646103400004026,59134.2354977,20.7431297,0.158246994,0,zg,345.8200363,22.6434869
646103400004026,59134.2537731,20.7582512,0.159314275,0,zg,345.8198686,22.6436708
646103400004026,59135.2343287,20.6209488,0.149623275,0,zg,345.8198979,22.6434797
646103400004026,59135.2352546,20.9648972,0.173899651,0,zg,345.8199493,22.6435428
646103400004026,59136.2479167,20.7457962,0.158435106,0,zg,345.8199113,22.6435121
646103400004026,59136.3379051,20.8306808,0.164426446,0,zg,345.8199284,22.6435639
646103400004026,59136.3941667,20.580246,0.146750331,0,zg,345.8199342,22.6435964
646103400004026,59137.2107176,20.8179893,0.163530588,0,zg,345.8199224,22.6435644
646103400004026,59137.2564815,20.3662987,0.12922743,0,zg,345.8198922,22.6436466
646103400004026,59137.257419,20.7138405,0.156179667,0,zg,345.8200499,22.6435596
646103400004026,59138.2615162,20.622324,0.149720311,0,zg,345.819825,22.643619
646103400004026,59138.2624537,20.5319939,0.143344641,0,zg,345.8199646,22.6435571
646103400004026,59138.2633912,20.6734238,0.153326988,0,zg,345.8199338,22.6435884
646103400004026,59139.1902315,20.6081715,0.148721337,0,zg,345.8197797,22.6436053
646103400004026,59139.2187847,20.7755356,0.160534143,0,zg,345.8197914,22.6435414
646103400004026,59139.2197106,20.995266,0.176043034,32768,zg,345.8200769,22.6435785
646103400004026,59140.1518171,20.6943092,0.15480113,0,zg,345.8199555,22.6435318
646103400004026,59140.2798843,20.5051174,0.141447663,0,zg,345.8199454,22.6435373
646103400004026,59141.2128241,20.467802,0.138168514,0,zg,345.8200556,22.6435072
646103400004026,59141.2137616,20.7603283,0.159460783,0,zg,345.8200005,22.643577
646103400004026,59141.3134259,20.5295849,0.143174648,0,zg,345.8198705,22.6435362
646103400004026,59142.124213,20.5612526,0.145409822,0,zg,345.8199604,22.6435251
646103400004026,59143.205,20.7735119,0.160391331,0,zg,345.8199096,22.6435124
646103400004026,59143.2087847,20.515255,0.142163157,0,zg,345.8199511,22.6435425
646103400004026,59143.3608912,20.6647377,0.152713895,0,zg,345.8200586,22.6435216
646103400004026,59144.1476389,20.8902855,0.168633461,0,zg,345.8200741,22.6435554
646103400004026,59144.3220023,20.7723007,0.160305858,0,zg,345.8199158,22.643571
646103400004026,59145.2317361,20.6467552,0.151444674,0,zg,345.8199229,22.6434918
646103400004026,59145.2763657,20.6938362,0.154767752,0,zg,345.8199616,22.6435155
646103400004026,59145.2782407,20.5618076,0.145448923,0,zg,345.8199337,22.6435668
646103400004026,59149.2558218,19.9663658,0.0981195867,0,zg,345.820076,22.6434293
646103400004026,59155.1661227,20.4209194,0.13399227,0,zg,345.819699,22.64352
646103400004026,59155.170544,20.5921593,0.147591233,0,zg,345.8199741,22.6436646
646103400004026,59157.2049306,20.6364632,0.150718212,0,zg,345.8199416,22.6435497
646103400004026,59158.2739931,20.5525589,0.144796133,0,zg,345.8201104,22.6434368
646103400004026,59164.2255093,20.7300339,0.157322645,0,zg,345.820029,22.6435694
646103400004026,59164.2264352,20.3060188,0.12410327,0,zg,345.8198579,22.6436368
646103400004026,59165.1651273,20.8960171,0.169037938,0,zg,345.8200135,22.6435085
646103400004026,59165.1736111,20.8150101,0.163320303,0,zg,345.8200517,22.6435357
646103400004026,59165.1982639,20.8036976,0.162521958,0,zg,345.8198958,22.6435859
646103400004026,59167.174537,20.8402061,0.165098786,0,zg,345.8198585,22.6434214
646103400004026,59168.1971991,20.7543488,0.159038782,0,zg,345.8199338,22.6435391
646103400004026,59168.1981366,20.8987293,0.169229388,0,zg,345.8199625,22.6435084
646103400004026,59168.2270949,20.7010136,0.155274272,0,zg,345.8199699,22.6434848
646103400004026,59169.2333333,20.5322723,0.14336431,0,zg,345.8200508,22.6435727
646103400004026,59169.2422106,20.7223206,0.156778216,0,zg,345.8199333,22.6433899
646103400004026,59169.2431481,20.7485199,0.158627391,0,zg,345.8200986,22.6435868
646103400004026,59170.1959838,20.5825996,0.146916509,0,zg,345.8198041,22.6435511
646103400004026,59170.1969213,20.6211529,0.14963758,0,zg,345.8198822,22.6435006
646103400004026,59171.1754514,20.927145,0.171234965,0,zg,345.8198654,22.6435615
646103400004026,59172.1001736,20.6539001,0.151948929,0,zg,345.8199333,22.6435778
646103400004026,59172.1140162,20.6089478,0.148776174,0,zg,345.8199315,22.6435155
646103400004026,59172.232419,20.8311749,0.164461255,0,zg,345.8199137,22.6435065
646103400004026,59173.1505671,20.5523033,0.144778132,0,zg,345.8199546,22.6435253
646103400004026,59173.2073958,20.73279,0.157517195,0,zg,345.8199242,22.6435219
646103400004026,59174.1421065,21.0055447,0.176768541,0,zg,345.8198969,22.6436582
646103400004026,59174.1508796,20.5101089,0.141800046,0,zg,345.8199619,22.6435437
646103400004026,59178.1521644,20.5759125,0.146444559,0,zg,345.8198126,22.643512
646103400004026,59178.1574884,20.5391693,0.143851161,0,zg,345.8200951,22.6435722
646103400004026,59179.1536921,20.6525383,0.151852846,0,zg,345.8201084,22.643319
646103400004026,59187.1210417,20.9234047,0.170971036,0,zg,345.8197264,22.6436341
646103400004026,59188.1544444,20.5771542,0.146532178,0,zg,345.8198196,22.6435458
646103400004026,59189.1426968,20.7736588,0.160401702,0,zg,345.8198227,22.6435282
646103400004026,59198.0968056,20.9080963,0.169890523,0,zg,345.8199921,22.6434791
646103400004026,59199.1648148,20.2256298,0.11750114,0,zg,345.8199456,22.6434877
646103400004026,59200.1598727,20.4491291,0.136495933,32768,zg,345.819848,22.6437851
646103400004026,59202.1839583,20.3208961,0.125354439,0,zg,345.8199888,22.6436661
646103400004026,59203.0970602,20.4465027,0.136261582,0,zg,345.8198597,22.6435344
646103400004026,59204.1235995,20.4055939,0.132644117,0,zg,345.8200999,22.6435331
646103400004026,59205.1098611,20.5945778,0.147761941,0,zg,345.8200328,22.6435604
646103400004026,59219.1123032,20.7518044,0.158859253,0,zg,345.8199445,22.6435305
646103400004026,59221.150706,20.8962326,0.169053197,0,zg,345.81984,22.6435961
646103400004026,59223.143287,20.7134743,0.156153798,0,zg,345.8200603,22.6434802
646103400004026,59227.121412,20.515337,0.142168999,0,zg,345.8200955,22.6436716
646103400004026,59233.1335995,20.7686977,0.160051584,0,zg,345.8198283,22.6434095
646103400004026,59370.4220949,20.6405888,0.15100944,0,zg,345.8199142,22.6435556
646103400004026,59373.441088,20.7657719,0.159845114,0,zg,345.8200166,22.6435085
646103400004026,59375.4308333,20.0993843,0.107693009,0,zg,345.8199249,22.6436196
646103400004026,59377.4450231,20.6435204,0.151216388,0,zg,345.8200943,22.6435472
646103400004026,59379.4259375,20.6641731,0.152674079,0,zg,345.8198666,22.6435664
646103400004026,59386.4357523,20.6169815,0.149343252,0,zg,345.8199069,22.6434987
646103400004026,59390.4476852,20.261631,0.120424286,0,zg,345.8197797,22.6436187
646103400004026,59392.4479051,20.2155952,0.116696164,0,zg,345.8199627,22.6434579
646103400004026,59397.4446528,20.3597794,0.128666386,0,zg,345.8199996,22.6435678
646103400004026,59400.3925579,20.4035168,0.132461905,0,zg,345.8199359,22.6435501
646103400004026,59402.4548611,20.5952663,0.147810578,0,zg,345.8199535,22.6434673
646103400004026,59404.4055556,20.5291348,0.143142819,0,zg,345.8199607,22.6435035
646103400004026,59409.4031366,20.5034084,0.141327024,0,zg,345.820041,22.6435836
646103400004026,59411.4029167,20.4590263,0.137380943,0,zg,345.8198783,22.6435704
646103400004026,59414.4028125,20.6484222,0.151562333,0,zg,345.8199284,22.6435585
646103400004026,59422.4418287,20.3212395,0.125383407,0,zg,345.8199866,22.643715
646103400004026,59424.3009028,20.4453697,0.136160642,0,zg,345.8199468,22.6435558
646103400004026,59426.3625694,20.5106926,0.141841173,0,zg,345.8200466,22.64351
646103400004026,59428.3268287,20.6503582,0.151698947,0,zg,345.8199257,22.6435427
646103400004026,59430.4081019,20.7173443,0.156426907,0,zg,345.8200378,22.6435844
646103400004026,59435.4014815,20.5902634,0.147457361,0,zg,345.8199515,22.6435464
646103400004026,59438.3929861,20.6978607,0.155051827,0,zg,345.8199838,22.6435353
646103400004026,59443.3402315,20.6032906,0.148376942,0,zg,345.8199449,22.6435148
646103400004026,59448.3569676,20.1505947,0.111587569,0,zg,345.8200988,22.6436319
646103400004026,59453.3835417,20.9545765,0.173171163,0,zg,345.8200142,22.6435919
646103400004026,59455.3300579,20.5425148,0.144087195,0,zg,345.8199097,22.6435627
646103400004026,59459.3185301,20.4802666,0.13929157,0,zg,345.8200523,22.6435996
646103400004026,59461.2675463,20.4872761,0.139925376,0,zg,345.8199942,22.6436266
646103400004026,59463.3554282,20.7031174,0.155422807,0,zg,345.8199932,22.6435478
646103400004026,59465.3316204,20.6897011,0.154475927,0,zg,345.8198689,22.6435851
646103400004026,59467.2175579,20.4059143,0.132672131,0,zg,345.8198943,22.6435583
646103400004026,59469.2578241,20.3374157,0.126754209,0,zg,345.819985,22.6436472
646103400004026,59485.2903241,20.6049728,0.148495674,32768,zg,345.8202418,22.6437177
646103400004026,59488.258588,20.7848625,0.161192536,0,zg,345.8198937,22.6435948
646103400004026,59490.3240509,20.7536011,0.158985972,0,zg,345.8199414,22.6434982
646103400004026,59497.3399306,20.2980995,0.123440869,0,zg,345.8198574,22.6435192
646103400004026,59517.1831481,20.7616005,0.159550667,0,zg,345.8199112,22.6435619
646103400004026,59520.2778125,20.6169872,0.14934361,0,zg,345.8199875,22.643532
646103400004026,59524.1522106,20.7597485,0.159419894,0,zg,345.8200242,22.6435232
646103400004026,59526.2159259,20.6391411,0.150907278,0,zg,345.8199458,22.6435714
646103400004026,59529.2512731,20.5283813,0.143089652,0,zg,345.8199063,22.6436509
646103400004026,59550.2146644,20.5577698,0.145164013,0,zg,345.8200198,22.6434944
1643111400016920,58350.329294,20.9280777,0.188794255,0,zg,345.8199137,22.6436042
1643111400016920,58369.3084606,20.6068954,0.165192008,0,zg,345.8199532,22.6435637
1643111400016920,58430.2943981,20.6802444,0.170582056,0,zg,345.8199829,22.6435592
1643111400016920,58690.4925116,20.8451881,0.182703018,0,zg,345.8198687,22.6436232
1643111400016920,58694.4356134,21.015255,0.195200562,0,zg,345.8199885,22.643586
1643111400016920,58695.4042245,20.7328091,0.174444795,0,zg,345.8199983,22.6435277
1643111400016920,58695.4046644,20.9890785,0.193276882,0,zg,345.8199578,22.643508
1643111400016920,58704.4373148,20.8816166,0.185379982,0,zg,345.819865,22.6436563
1643111400016920,58704.4377662,21.1270065,0.203412652,0,zg,345.8202192,22.6436296
1643111400016920,58717.4147801,20.6489944,0.168285608,0,zg,345.8199308,22.6433983
1643111400016920,58717.4152315,20.7371845,0.174766302,0,zg,345.8198604,22.6435859
1643111400016920,58722.4248495,20.7906017,0.178691745,0,zg,345.8199443,22.6434981
1643111400016920,58722.4253009,21.0321236,0.196440101,0,zg,345.8199598,22.6434936
1643111400016920,58725.3825463,20.9567337,0.190900087,0,zg,345.8200502,22.6434998
1643111400016920,58764.2816204,20.9911156,0.193426609,0,zg,345.8198981,22.643566
1643111400016920,58766.275081,20.1433601,0.129109308,0,zg,345.8199917,22.6436144
1643111400016920,58772.2649074,19.9334908,0.113071367,0,zg,345.8199498,22.6436297
1643111400016920,58786.1917824,20.7691326,0.177114129,0,zg,345.819884,22.6434861
1643111400016920,58786.1922338,20.8959274,0.186431646,32768,zg,345.819935,22.6435491
1643111400016920,58794.1974537,20.5390968,0.160209775,0,zg,345.8196688,22.6436952
1643111400016920,58812.1652662,20.8994884,0.186693311,0,zg,345.8199459,22.6436297
1643111400016920,58812.1657176,20.9424095,0.189847469,0,zg,345.8197779,22.6435005
