oid,mjd,mag,magerr,catflags,filtercode,ra,dec
617113400000178,58206.2148032,18.5048389,0.044315286,0,zg,132.6969466,28.913005
617113400000178,58206.252963,18.5522594,0.0459455065,0,zg,132.6969967,28.9130417
617113400000178,58210.1961111,18.5008545,0.0441813134,32768,zg,132.6969129,28.9130006
617113400000178,58210.2117824,18.5324345,0.0452559479,32768,zg,132.6969349,28.9129422
617113400000178,58227.1740162,18.4936085,0.0439387783,0,zg,132.6969833,28.912971
617113400000178,58233.2268171,18.4610882,0.0428688228,0,zg,132.6969701,28.9129747
617113400000178,58236.1544097,18.5011444,0.0441910401,0,zg,132.6969657,28.9129592
617113400000178,58236.2063889,18.42906,0.0418440253,0,zg,132.6969803,28.9129842
617113400000178,58249.1857639,18.4697971,0.0431524441,0,zg,132.6969777,28.9129665
617113400000178,58378.4933796,18.5295925,0.045158051,0,zg,132.696987,28.9129434
617113400000178,58424.498287,18.4662209,0.0430357233,0,zg,132.6969473,28.9129992
617113400000178,58427.415463,18.3533649,0.0395326614,0,zg,132.6970066,28.9130568
617113400000178,58427.5073611,18.4464302,0.0423962846,0,zg,132.696916,28.9130208
617113400000178,58430.3834606,18.5276299,0.0450905897,0,zg,132.6969387,28.9129803
617113400000178,58430.5064931,18.4974747,0.0440680161,0,zg,132.6969715,28.9129775
617113400000178,58434.5199306,18.4532623,0.0426158234,0,zg,132.6969323,28.9129769
617113400000178,58437.4700579,18.472744,0.0432488881,0,zg,132.6969427,28.9129625
617113400000178,58439.4491435,18.4517212,0.0425661877,0,zg,132.6969514,28.9129635
617113400000178,58442.4361227,18.3191185,0.0385363288,32768,zg,132.6969498,28.913001
617113400000178,58443.5245602,18.4807167,0.0435110591,0,zg,132.6969575,28.9129733
617113400000178,58461.452963,18.4815292,0.0435378887,0,zg,132.6969619,28.9129937
617113400000178,58464.4792014,18.4779644,0.0434203409,0,zg,132.6969654,28.9130097
617113400000178,58467.4558796,19.0059338,0.0652314425,32768,zg,132.6970594,28.9128954
617113400000178,58472.5025694,18.4706669,0.0431808978,0,zg,132.6969684,28.9129651
617113400000178,58475.5134028,18.4307938,0.0418988056,0,zg,132.6969918,28.9129751
617113400000178,58480.4743287,18.4591141,0.0428048335,0,zg,132.6969328,28.9130157
617113400000178,58482.5572338,18.4790077,0.0434546918,0,zg,132.6969437,28.9129955
617113400000178,58486.4231944,18.5102234,0.044497095,0,zg,132.6969945,28.9129577
617113400000178,58491.4409722,18.5631981,0.0463309847,0,zg,132.696912,28.9129792
617113400000178,58495.2581134,18.5334206,0.0452899672,0,zg,132.6969843,28.9130145
617113400000178,58506.4535301,18.6015015,0.0477093086,0,zg,132.6970003,28.9130739
617113400000178,58509.2366667,18.4867344,0.0437101237,0,zg,132.6969161,28.9130113
617113400000178,58512.3828125,18.5671005,0.0464693904,32768,zg,132.6969631,28.9129376
617113400000178,58522.4062963,18.4885941,0.0437718593,0,zg,132.6968506,28.9131129
617113400000178,58526.3997685,18.5231667,0.0449375771,0,zg,132.6970142,28.9129727
617113400000178,58538.2540394,18.4143181,0.0413818322,32768,zg,132.6969388,28.9129665
617113400000178,58541.2366319,18.450531,0.0425278805,0,zg,132.6969677,28.9129889
617113400000178,58547.2893171,18.452673,0.0425968133,0,zg,132.6969571,28.9129786
617113400000178,58556.2712384,18.4356308,0.0420519598,0,zg,132.6969546,28.9129916
617113400000178,58561.2315972,18.4940395,0.0439531803,0,zg,132.696919,28.912964
617113400000178,58567.1701157,18.377676,0.0402583703,0,zg,132.6969751,28.912963
617113400000178,58572.1920602,18.4342041,0.042006705,32768,zg,132.6969594,28.9129507
617113400000178,58575.2039815,18.473999,0.0432900488,32768,zg,132.696944,28.9129702
617113400000178,58581.2057523,18.3328686,0.0389327332,0,zg,132.6969417,28.9129552
617113400000178,58584.2066898,18.3808632,0.040354684,0,zg,132.6969198,28.9129701
617113400000178,58591.1521065,18.3789444,0.0402966626,0,zg,132.6969581,28.9129713
617113400000178,58594.1707639,18.3427582,0.0392208397,0,zg,132.6969572,28.9129725
617113400000178,58598.2082292,18.3744011,0.0401597098,0,zg,132.6969769,28.9129735
617113400000178,58602.205625,18.1421909,0.0338467248,32768,zg,132.6969891,28.9129742
617113400000178,58606.1662847,18.3401337,0.0391441211,0,zg,132.6969555,28.9129743
617113400000178,58609.1839352,18.367382,0.0399491936,0,zg,132.6969713,28.9129729
617113400000178,58737.5051505,18.638176,0.0490712225,0,zg,132.6969727,28.9129554
617113400000178,58745.5256713,18.7474003,0.0533820614,0,zg,132.6970529,28.9129073
617113400000178,58748.5266898,18.7914314,0.0552319512,0,zg,132.6969945,28.9129618
617113400000178,58756.4703935,18.6106606,0.0480455197,0,zg,132.6969406,28.9129636
617113400000178,58759.4697222,18.7099819,0.0518613718,0,zg,132.6969439,28.9129869
617113400000178,58763.470081,18.6541805,0.049678795,0,zg,132.6969788,28.9129567
617113400000178,58766.4379398,18.5923748,0.047376845,0,zg,132.6970152,28.9129794
617113400000178,58768.4689005,18.6184235,0.0483325161,0,zg,132.6969563,28.9129461
617113400000178,58769.5191435,18.6546249,0.0496957973,0,zg,132.696923,28.9129811
617113400000178,58779.5042593,18.6147366,0.0481959693,0,zg,132.6969462,28.9129609
617113400000178,58785.525544,18.6932716,0.0511971712,0,zg,132.6969219,28.9129654
617113400000178,58788.5055093,18.6258793,0.0486099087,0,zg,132.6969244,28.91297
617113400000178,58790.5500463,18.6168785,0.0482752472,0,zg,132.6969874,28.9129586
617113400000178,58791.5280208,18.7386627,0.0530228056,0,zg,132.6969212,28.9129716
617113400000178,58794.5463194,18.6523132,0.0496075116,0,zg,132.6969283,28.9129831
617113400000178,58798.5459722,18.6798191,0.0506690815,0,zg,132.6969618,28.9130123
617113400000178,58812.435,18.6761131,0.0505246222,0,zg,132.6969568,28.9130021
617113400000178,58835.5142361,18.7123165,0.0519548766,0,zg,132.6969084,28.9130345
617113400000178,58838.4620139,18.7420044,0.0531599037,32768,zg,132.6969405,28.9129086
617113400000178,58846.4997569,18.7889519,0.0551260151,0,zg,132.6969338,28.9129765
617113400000178,58849.4666088,18.7480698,0.0534097143,0,zg,132.6969532,28.9129854
617113400000178,58849.4675231,18.7436886,0.0532291569,0,zg,132.6969127,28.9129953
617113400000178,58850.423125,18.6844749,0.0508512035,0,zg,132.6970287,28.9130375
617113400000178,58852.4620139,18.8602009,0.0582556911,0,zg,132.6969391,28.9130015
617113400000178,58852.4764352,18.7789307,0.0547000431,0,zg,132.6969214,28.9129782
617113400000178,58853.475625,18.7428684,0.0531954244,0,zg,132.6969371,28.9129671
617113400000178,58854.4840509,18.7092037,0.0518302284,0,zg,132.6969397,28.9128046
617113400000178,58855.4631481,18.7372131,0.0529634468,0,zg,132.6969387,28.9129571
617113400000178,58855.4640741,18.7191486,0.052229587,0,zg,132.6969567,28.9129858
617113400000178,58862.4259954,18.4368706,0.0420913287,0,zg,132.6968145,28.9129783
617113400000178,58863.4143866,18.7342167,0.0528409481,0,zg,132.6969731,28.9130126
617113400000178,58864.2047454,18.7826767,0.0548588634,0,zg,132.6969068,28.9129874
617113400000178,58864.2056481,18.7546024,0.0536801592,0,zg,132.6969351,28.9129701
617113400000178,58866.3857407,18.7765312,0.0545985438,0,zg,132.6969445,28.9129754
617113400000178,58867.3887731,18.753767,0.0536454804,0,zg,132.6969402,28.9129847
617113400000178,58867.3896759,18.7536583,0.053640984,0,zg,132.6969268,28.9129709
617113400000178,58871.2168403,18.8161201,0.0562984124,0,zg,132.6969473,28.9130031
617113400000178,58871.2270949,18.7656746,0.0541418307,0,zg,132.69695,28.9129376
617113400000178,58872.2345486,18.7821236,0.0548353791,0,zg,132.696923,28.9129982
617113400000178,58875.3196065,18.7330704,0.0527942069,32768,zg,132.6969063,28.913036
617113400000178,58876.2326389,18.766119,0.0541604534,0,zg,132.6969465,28.9129836
617113400000178,58876.2493519,18.7392483,0.0530467927,0,zg,132.6969062,28.9129744
617113400000178,58877.2253009,18.738224,0.0530048348,0,zg,132.6969735,28.9129834
617113400000178,58877.2262616,18.7231598,0.052391611,0,zg,132.6969132,28.9129804
617113400000178,58877.2272917,18.7539196,0.0536518097,0,zg,132.6969053,28.9129987
617113400000178,58878.2378704,18.6464729,0.0493851714,0,zg,132.6970203,28.9129481
617113400000178,58879.2232986,18.6859169,0.0509077162,0,zg,132.6969489,28.9129845
617113400000178,58879.2337269,18.677948,0.0505961254,0,zg,132.6969097,28.9130474
617113400000178,58879.2346412,18.6903,0.0510800108,0,zg,132.6969177,28.9130358
617113400000178,58880.2541782,18.7307472,0.0526995361,0,zg,132.6969801,28.9129481
617113400000178,58880.2681829,18.8228493,0.0565927774,0,zg,132.6969451,28.9130015
617113400000178,58880.2690972,18.6597214,0.0498910323,0,zg,132.6969017,28.9129816
617113400000178,58881.2337731,18.6782322,0.0506071858,0,zg,132.6969354,28.912972
617113400000178,58881.2347338,18.774416,0.0545092672,0,zg,132.6969408,28.9129913
617113400000178,58883.4030556,18.7680893,0.0542430878,0,zg,132.6969301,28.9129798
617113400000178,58883.4039468,18.7354012,0.0528893471,0,zg,132.6969748,28.9130094
617113400000178,58883.4048495,18.7123489,0.0519561656,0,zg,132.6969336,28.9129618
617113400000178,58884.2671875,18.7193203,0.0522365123,0,zg,132.6969102,28.9129507
617113400000178,58884.2680903,18.7847366,0.0549464114,0,zg,132.6971589,28.912863
617113400000178,58885.2690046,18.5858822,0.0471418612,0,zg,132.6969172,28.9129866
617113400000178,58885.2699074,18.7654991,0.0541344881,0,zg,132.6970624,28.9129887
617113400000178,58890.2626852,18.8981247,0.059995316,0,zg,132.6970168,28.9130209
617113400000178,58890.268206,18.701582,0.0515263304,0,zg,132.6969656,28.9129323
617113400000178,58890.2692014,18.4904785,0.0438345186,0,zg,132.6970174,28.9130383
617113400000178,58891.195625,18.6633301,0.050029777,0,zg,132.6969622,28.91296
617113400000178,58891.1965394,18.6912613,0.0511179045,0,zg,132.6969388,28.9129727
617113400000178,58892.1691782,18.6335106,0.0488956608,0,zg,132.6969479,28.912992
617113400000178,58892.1866782,18.6586475,0.0498498157,0,zg,132.6969428,28.9129793
617113400000178,58893.2121644,18.6627598,0.0500078388,0,zg,132.6969265,28.9129869
617113400000178,58893.2130671,18.7101688,0.051868815,0,zg,132.6969236,28.912992
617113400000178,58894.193831,18.678051,0.0506001227,0,zg,132.6969672,28.9129753
617113400000178,58894.2047338,18.6967697,0.0513354354,0,zg,132.6969135,28.9130051
617113400000178,58895.2274074,18.6660213,0.050133545,0,zg,132.696923,28.9129777
617113400000178,58895.2283218,18.674118,0.0504470766,0,zg,132.6969369,28.912988
617113400000178,58896.2211921,18.7080078,0.0517824329,0,zg,132.6969028,28.9129992
617113400000178,58896.2221528,18.702076,0.0515459962,0,zg,132.6969245,28.9129786
617113400000178,58896.2230671,18.6852932,0.0508832596,0,zg,132.6969424,28.9129928
617113400000178,58898.2472569,18.6917286,0.0511363223,0,zg,132.6969254,28.9129735
617113400000178,58898.2551273,18.6919022,0.0511431396,32768,zg,132.6969292,28.9129525
617113400000178,58899.2035648,18.7076626,0.0517686196,0,zg,132.6969189,28.9129772
617113400000178,58899.2044792,18.68573,0.0509004258,0,zg,132.6969383,28.9129804
617113400000178,58903.2535532,18.6723328,0.0503777452,0,zg,132.6969318,28.9129761
617113400000178,58903.2544676,18.6732883,0.0504148491,0,zg,132.6969329,28.9129897
617113400000178,58903.2848611,18.6971836,0.0513518676,0,zg,132.6969351,28.912991
617113400000178,58904.2709606,18.6179886,0.0483163819,0,zg,132.6969492,28.9129798
617113400000178,58905.2561111,18.60532,0.0478491597,0,zg,132.6968986,28.9129923
617113400000178,58906.2743056,18.6807384,0.0507049784,0,zg,132.6969553,28.9129831
617113400000178,58906.2752199,18.6521835,0.0496025532,0,zg,132.6969367,28.9129623
617113400000178,58909.2306944,18.6658783,0.0501280241,0,zg,132.6971544,28.9129138
617113400000178,58909.2315972,18.5686836,0.0465256684,0,zg,132.6968844,28.9129088
617113400000178,58912.1506366,18.6676598,0.0501968004,0,zg,132.6969599,28.9129752
617113400000178,58912.1664815,18.6323433,0.0488518514,0,zg,132.6969462,28.9129427
617113400000178,58939.2879977,18.5378952,0.0454447381,32768,zg,132.6969619,28.9130016
617113400000178,58944.1912963,18.4890537,0.0437871478,0,zg,132.6969102,28.9129881
617113400000178,58944.1921991,18.5326118,0.0452620797,0,zg,132.6969928,28.9129592
617113400000178,58954.1773495,18.5686569,0.0465247333,0,zg,132.6969342,28.9129939
617113400000178,58954.1793171,18.5887394,0.0472451076,0,zg,132.6969565,28.9129958
617113400000178,58956.2113194,18.5743465,0.0467275567,0,zg,132.6969355,28.9129946
617113400000178,58962.2063542,18.5726624,0.0466674417,0,zg,132.6969331,28.9129873
617113400000178,58963.1649884,18.4960423,0.0440200791,0,zg,132.6969517,28.9129866
617113400000178,58963.1659028,18.5211334,0.0448680446,0,zg,132.6969484,28.9129702
617113400000178,58963.1872801,18.4887791,0.0437779948,0,zg,132.6969505,28.912967
617113400000178,58964.1621644,18.5121326,0.044561781,0,zg,132.696963,28.9129917
617113400000178,58965.2060069,18.5058136,0.0443481505,0,zg,132.6969711,28.9129637
617113400000178,58966.2171296,18.4596424,0.042821981,0,zg,132.6969733,28.9129638
617113400000178,58966.2263194,18.5415688,0.0455722064,32768,zg,132.6969692,28.9129233
617113400000178,58967.1934144,18.5395432,0.0455018654,0,zg,132.6969224,28.9129754
617113400000178,58971.2357292,18.4217434,0.0416139103,0,zg,132.6969625,28.9129851
617113400000178,58974.1867708,18.4743195,0.0433005691,0,zg,132.6969963,28.9129899
617113400000178,58977.1523611,18.3987656,0.0409005731,0,zg,132.6969434,28.9129735
617113400000178,58981.1568171,18.4418793,0.0422508083,0,zg,132.6969497,28.9129931
617113400000178,59124.5102199,18.1139526,0.033165168,0,zg,132.6969718,28.9129832
617113400000178,59126.4878704,18.1872234,0.0349704884,0,zg,132.6969649,28.9129803
617113400000178,59128.4692824,18.1291656,0.0335301794,0,zg,132.6969467,28.9129743
617113400000178,59130.5035069,18.127718,0.0334952064,0,zg,132.69701,28.9129482
617113400000178,59135.4723495,18.1633835,0.034369871,0,zg,132.6969629,28.9129902
617113400000178,59137.4552431,18.1669407,0.0344586708,0,zg,132.6969611,28.9129614
617113400000178,59139.4285764,18.1220341,0.0333584212,32768,zg,132.6969213,28.9129601
617113400000178,59141.4754282,18.1545219,0.0341498852,0,zg,132.6969541,28.9129786
617113400000178,59143.5112847,18.1661949,0.0344400145,0,zg,132.6969553,28.9129666
617113400000178,59145.4654051,18.1335182,0.0336355343,0,zg,132.6969408,28.9129741
617113400000178,59149.5131366,18.1504211,0.0340486914,0,zg,132.696947,28.9129962
617113400000178,59151.4699306,18.2174606,0.0357511379,0,zg,132.6969177,28.9129831
617113400000178,59153.5176852,18.1209641,0.0333327726,0,zg,132.6969921,28.9129703
617113400000178,59156.4876042,18.085762,0.032502085,0,zg,132.6969414,28.9129662
617113400000178,59158.4847569,18.1180439,0.0332628265,0,zg,132.6969464,28.9129596
617113400000178,59165.4450347,18.1990891,0.0352743082,0,zg,132.6969279,28.9129909
617113400000178,59168.4657986,18.1727524,0.0346043631,0,zg,132.6969586,28.9130013
617113400000178,59170.4437731,18.1715736,0.0345747396,0,zg,132.6969617,28.912991
617113400000178,59173.4445486,18.1997223,0.0352906026,0,zg,132.6969501,28.9129744
617113400000178,59175.4484838,18.1982193,0.0352519117,32768,zg,132.6969274,28.9129729
617113400000178,59179.4626389,18.1446457,0.0339068025,0,zg,132.6969296,28.9130252
617113400000178,59185.4452778,18.1999474,0.0352964066,0,zg,132.6969693,28.9130031
617113400000178,59192.3830671,18.2376251,0.0362836644,0,zg,132.6969608,28.9129693
617113400000178,59196.4130208,18.2425194,0.0364143886,0,zg,132.6970136,28.9129175
617113400000178,59196.4569907,18.2657814,0.0370435268,0,zg,132.6968914,28.9130111
617113400000178,59198.4149421,18.1890373,0.0350167304,0,zg,132.6969534,28.9130075
617113400000178,59199.4378588,18.2130775,0.0356366523,0,zg,132.6969656,28.9129986
617113400000178,59203.3628356,18.1429176,0.0338645093,0,zg,132.6969579,28.9130017
617113400000178,59205.3822338,18.1941147,0.0351465419,0,zg,132.6969531,28.9129646
617113400000178,59210.2560185,18.1614132,0.0343208015,0,zg,132.6969672,28.9129167
617113400000178,59217.4247338,18.2218361,0.0358658582,0,zg,132.696931,28.9129859
617113400000178,59217.5247106,18.2310028,0.0361077152,0,zg,132.6969906,28.9129945
617113400000178,59219.2902662,18.1298676,0.0335471146,0,zg,132.6969485,28.9130053
617113400000178,59221.3399421,18.1508141,0.0340583809,0,zg,132.696986,28.9129807
617113400000178,59223.3390278,18.1408939,0.03381503,0,zg,132.6969694,28.9130114
617113400000178,59225.4575694,18.1359978,0.0336957462,0,zg,132.6969098,28.9129784
617113400000178,59227.4225347,18.1649628,0.0344092362,0,zg,132.6969636,28.9129829
617113400000178,59229.3019676,18.0857849,0.0325026065,0,zg,132.6969372,28.9129499
617113400000178,59233.3360417,18.156353,0.0341951959,0,zg,132.6969515,28.9129692
617113400000178,59249.2585301,17.7248611,0.0253889859,32768,zg,132.6971386,28.9130871
617113400000178,59251.3640394,18.1663094,0.0344428755,0,zg,132.696945,28.9129924
617113400000178,59253.233831,18.1522408,0.0340935327,32768,zg,132.6969413,28.9130027
617113400000178,59255.2141782,18.0442429,0.03155623,32768,zg,132.6969399,28.9129514
617113400000178,59257.3376273,18.0402794,0.0314678103,32768,zg,132.696853,28.9130071
617113400000178,59262.2980671,18.1210022,0.033333689,0,zg,132.6969434,28.9130032
617113400000178,59264.2522222,18.1380348,0.0337453187,0,zg,132.696994,28.9130065
617113400000178,59268.1920139,18.0489311,0.0316612348,0,zg,132.6969539,28.9129663
617113400000178,59271.3652778,18.1886978,0.0350080691,0,zg,132.6969672,28.9129115
617113400000178,59273.1748495,18.1286068,0.0335166715,0,zg,132.6969801,28.9129625
617113400000178,59275.1735185,18.1166306,0.0332290381,0,zg,132.6969511,28.9129869
617113400000178,59278.2355324,18.1347523,0.0336654782,0,zg,132.6969329,28.9130049
617113400000178,59281.3256019,18.0849457,0.0324831344,0,zg,132.6969391,28.9130178
617113400000178,59293.1541319,18.0989037,0.0328090675,0,zg,132.6969401,28.9129889
617113400000178,59301.2466319,18.1103287,0.0330789648,0,zg,132.6969697,28.9129944
617113400000178,59303.1953588,18.0266457,0.0311661679,0,zg,132.6969544,28.9129658
617113400000178,59306.2885764,18.084301,0.0324681699,0,zg,132.6969604,28.9129838
617113400000178,59308.2534491,18.102951,0.0329043493,0,zg,132.6969499,28.9129797
617113400000178,59310.2232986,18.0190258,0.0309992209,0,zg,132.6968912,28.9129291
617113400000178,59312.2274769,18.1361599,0.0336996913,0,zg,132.6969659,28.9129855
617113400000178,59314.2069213,18.0635376,0.0319912992,0,zg,132.6969638,28.9129965
617113400000178,59319.1740509,18.0953732,0.0327262171,0,zg,132.6969592,28.9129957
617113400000178,59321.1847222,18.1190567,0.0332870744,0,zg,132.6969589,28.9129863
617113400000178,59328.1974074,18.053627,0.0317668542,0,zg,132.6969758,28.9129617
617113400000178,59336.2232639,18.1148186,0.0331857912,0,zg,132.6969636,28.9129893
617113400000178,59338.1836574,18.1300621,0.0335518457,0,zg,132.6969667,28.9129867
617113400000178,59340.174294,18.053875,0.0317724459,0,zg,132.6969604,28.912986
617113400000178,59342.2179514,18.1163769,0.0332230031,0,zg,132.6969684,28.9130225
617113400000178,59344.1857176,18.0837975,0.0324565098,0,zg,132.6969531,28.9129889
617113400000178,59346.1799306,18.0937176,0.0326874927,0,zg,132.6969767,28.9129794
617113400000178,59348.2359606,18.0441895,0.0315550305,0,zg,132.6969721,28.9129834
617113400000178,59479.4896181,18.2707176,0.0371787325,0,zg,132.6969096,28.912945
617113400000178,59500.4632176,18.1539764,0.0341363922,0,zg,132.6969805,28.9130007
617113400000178,59503.5114583,18.156601,0.0342013352,0,zg,132.6968852,28.9130003
617113400000178,59509.4279282,18.115448,0.0332008116,0,zg,132.696921,28.912983
617113400000178,59511.4939931,18.1166153,0.0332286991,0,zg,132.6969332,28.9130046
617113400000178,59518.3642245,18.24259,0.0364162698,0,zg,132.6969382,28.912954
617113400000178,59522.446875,18.1999474,0.0352964066,0,zg,132.6969548,28.9130033
617113400000178,59524.5198843,18.1669083,0.0344578326,0,zg,132.6969525,28.9129948
617113400000178,59526.4661227,18.2009468,0.0353221558,0,zg,132.6969507,28.9129803
617113400000178,59529.5088542,18.1703777,0.0345447361,0,zg,132.6969631,28.9130091
617113400000178,59531.4711111,18.1672421,0.0344661847,0,zg,132.6969505,28.9129891
617113400000178,59536.457419,18.1346779,0.0336636864,0,zg,132.6969672,28.9129707
617113400000178,59538.4102315,18.0359344,0.0313712806,0,zg,132.6969664,28.9129997
617113400000178,59550.4231829,18.1639519,0.0343840159,0,zg,132.6969431,28.9129937
617113400000178,59627.3110648,18.0082798,0.0307657626,0,zg,132.6969891,28.912995
617113400000178,59629.3855093,18.0174599,0.030965047,0,zg,132.6970693,28.9130793
617113400000178,59636.2132292,18.0933495,0.0326788798,0,zg,132.6969321,28.9129852
617113400000178,59638.3510648,18.0839539,0.0324601308,0,zg,132.6969371,28.9129833
617113400000178,59640.3037847,18.0791283,0.0323485211,0,zg,132.696958,28.9129838
617113400000178,59672.1524769,18.1804237,0.034797851,0,zg,132.6969459,28.913008
617113400000178,59674.1809838,18.1490688,0.0340154134,0,zg,132.6969547,28.9129936
617113400000178,59676.2236458,18.1096706,0.0330633447,0,zg,132.6969831,28.9129693
617113400000178,59682.2049653,18.1609917,0.0343103074,0,zg,132.6969537,28.9130236
617113400000178,59684.26625,18.0839195,0.0324593261,0,zg,132.6969736,28.9130059
617113400000178,59687.1726389,18.1968803,0.0352175012,0,zg,132.6969805,28.9130178
617113400000178,59689.3004282,18.1790466,0.0347630233,0,zg,132.6967035,28.9127809
617113400000178,59695.1873264,18.1979465,0.035244897,0,zg,132.6969572,28.9130049
617113400000178,59697.2028356,18.1700554,0.0345366336,0,zg,132.696963,28.9129924
617113400000178,59699.2062037,18.1483383,0.0339974426,0,zg,132.6969583,28.9129968
617113400000178,59703.1825579,18.0813465,0.0323997699,0,zg,132.6969446,28.9129978
618116300000261,58202.2635417,18.5028267,0.0377783366,0,zg,132.6969571,28.912991
618116300000261,58206.1902083,18.4572582,0.036587216,0,zg,132.6969822,28.9129751
618116300000261,58206.2534259,18.4759407,0.0370699875,0,zg,132.696956,28.9129743
618116300000261,58210.1965856,18.4913635,0.0374743342,32768,zg,132.6969599,28.9129963
618116300000261,58210.2122569,18.4984684,0.0376624055,32768,zg,132.6969697,28.9129469
618116300000261,58233.2263426,18.4678421,0.0368597582,0,zg,132.6970293,28.9129966
618116300000261,58236.1529398,18.4840813,0.0372827351,0,zg,132.696973,28.9129724
618116300000261,58236.2059144,18.5770111,0.0398187079,0,zg,132.6969488,28.9129402
618116300000261,58249.1734838,18.3368511,0.0336546116,32768,zg,132.6969355,28.9130603
618116300000261,58377.5066667,18.5123653,0.0380335897,0,zg,132.6969574,28.9129811
618116300000261,58380.5165509,18.1691341,0.0300479587,32768,zg,132.6972679,28.9132611
618116300000261,58390.4923843,18.5041943,0.0378147997,0,zg,132.6969634,28.9129421
618116300000261,58425.5204861,18.4902496,0.0374449678,0,zg,132.6969472,28.9129628
618116300000261,58426.475,18.4410667,0.0361749865,32768,zg,132.6967971,28.9129067
618116300000261,58427.5078241,18.4508667,0.0364238061,0,zg,132.6969967,28.9129582
618116300000261,58427.5209491,18.4110203,0.0354250036,0,zg,132.6969637,28.912981
618116300000261,58427.5505787,18.5245399,0.0383623727,0,zg,132.6970069,28.9129565
618116300000261,58428.5405787,18.4686394,0.0368803963,0,zg,132.696974,28.9129773
618116300000261,58428.5517477,18.5007038,0.0377218127,0,zg,132.6969875,28.9129843
618116300000261,58429.4993287,18.4603043,0.0366653986,0,zg,132.6970005,28.9129648
618116300000261,58430.3899074,18.4571896,0.0365854464,0,zg,132.6969586,28.9129812
618116300000261,58430.506956,18.4740601,0.037021026,0,zg,132.6969825,28.9129881
618116300000261,58430.5195602,18.494257,0.0375507809,0,zg,132.6969771,28.9129786
618116300000261,58431.4995255,18.4220848,0.0356989503,0,zg,132.6969367,28.9130432
618116300000261,58432.4975116,18.5398693,0.0387811773,0,zg,132.6969665,28.9129745
618116300000261,58434.5053125,18.5178871,0.0381822772,0,zg,132.6968599,28.9129796
618116300000261,58434.5194676,18.4668179,0.0368332788,0,zg,132.697033,28.9129998
618116300000261,58437.4888773,18.4621811,0.0367136635,0,zg,132.6969465,28.9129968
618116300000261,58439.4645949,18.4745941,0.0370349176,0,zg,132.6970147,28.9129782
618116300000261,58440.4615278,18.4780579,0.0371251814,0,zg,132.6969756,28.9129937
618116300000261,58443.5236343,18.4956093,0.0375866033,0,zg,132.6969836,28.9129771
618116300000261,58461.4538889,18.5141983,0.0380828492,0,zg,132.6969376,28.912992
618116300000261,58464.4657755,18.5075016,0.0379031859,0,zg,132.6969587,28.9129796
618116300000261,58467.4535764,18.3108864,0.0330611691,32768,zg,132.6970267,28.9128403
618116300000261,58480.4863657,18.4883709,0.0373954661,0,zg,132.6970115,28.9129389
618116300000261,58482.4866435,18.4497204,0.0363945812,0,zg,132.6969968,28.9129793
618116300000261,58486.4222338,18.5111618,0.0380012505,0,zg,132.6969081,28.9129935
618116300000261,58491.4405093,18.5359058,0.0386723652,0,zg,132.6969679,28.9129922
618116300000261,58494.4692708,18.4881668,0.0373901054,0,zg,132.6969711,28.912967
618116300000261,58506.4530671,18.4132252,0.0354793966,0,zg,132.6969463,28.9129217
618116300000261,58509.2446875,18.5452957,0.0389307402,0,zg,132.6969412,28.9130838
618116300000261,58522.3995949,18.5524292,0.0391283967,0,zg,132.6969656,28.9129936
618116300000261,58526.4376968,18.5019875,0.0377559848,0,zg,132.6970694,28.9129375
618116300000261,58534.2736574,18.649765,0.0419471562,0,zg,132.6968639,28.9130339
618116300000261,58541.2371065,18.475668,0.0370628797,0,zg,132.6970236,28.9129855
618116300000261,58556.3438542,18.4412613,0.0361798964,0,zg,132.6970124,28.9131443
618116300000261,58561.2306597,18.437727,0.0360906832,0,zg,132.6970335,28.9129575
618116300000261,58567.1909954,18.4652939,0.0367939025,0,zg,132.6969734,28.9130476
618116300000261,58572.1695833,18.4944363,0.0375555456,32768,zg,132.6969501,28.912968
618116300000261,58575.204919,18.2836723,0.0324533731,32768,zg,132.6969602,28.9129629
618116300000261,58580.19875,18.3650475,0.034314353,0,zg,132.6969986,28.9130048
618116300000261,58584.2252199,18.4032288,0.0352336578,0,zg,132.6969889,28.9129555
618116300000261,58592.1500116,18.3340454,0.0335898288,0,zg,132.6969732,28.9129604
618116300000261,58596.1878588,18.3507099,0.0339768529,0,zg,132.6969951,28.9129686
618116300000261,58599.1842014,18.38978,0.0349064022,0,zg,132.6969624,28.9129751
618116300000261,58602.1869329,18.344738,0.0338375308,32768,zg,132.6969361,28.9129765
618116300000261,58605.2290162,18.4027576,0.0352221392,0,zg,132.6970001,28.9129593
618116300000261,58608.191713,18.3659153,0.0343349166,0,zg,132.6970066,28.9129603
618116300000261,58748.5248843,18.6356316,0.0415234864,0,zg,132.696958,28.9129828
618116300000261,58756.4764468,18.6520061,0.0420147963,0,zg,132.6969527,28.9129896
618116300000261,58760.4893866,18.632206,0.0414215326,0,zg,132.6969664,28.9129625
618116300000261,58764.5105208,18.6969414,0.0433978774,0,zg,132.6970038,28.9129736
618116300000261,58767.4955324,18.6574898,0.0421808325,0,zg,132.696959,28.9129773
618116300000261,58770.5286458,18.5627823,0.039417401,0,zg,132.6969692,28.9129624
618116300000261,58781.4666319,18.6542969,0.0420840755,0,zg,132.6970491,28.9129032
618116300000261,58784.4950694,18.7096195,0.0437975302,0,zg,132.6969016,28.9129304
618116300000261,58788.5059606,18.6677113,0.0424923375,0,zg,132.6969715,28.9129981
618116300000261,58791.5307639,18.6589851,0.0422262251,0,zg,132.6969996,28.9129885
618116300000261,58792.5512731,18.677845,0.0428038016,0,zg,132.6969899,28.9129655
618116300000261,58794.5495139,18.5984726,0.0404331498,0,zg,132.6969685,28.9129991
618116300000261,58798.5450231,18.6058521,0.0406469814,0,zg,132.6970148,28.9129679
618116300000261,58812.4248032,18.617651,0.0409916677,0,zg,132.6969801,28.9129875
618116300000261,58827.5492014,18.6817074,0.0429232009,0,zg,132.6970224,28.9129911
618116300000261,58830.5534259,18.727829,0.0443788506,0,zg,132.6969603,28.9129877
618116300000261,58835.5137847,18.7001877,0.0434998348,0,zg,132.6970223,28.912973
618116300000261,58838.4551157,18.6566219,0.0421545058,32768,zg,132.6969486,28.9129767
618116300000261,58846.4834722,18.6958752,0.0433644764,0,zg,132.6969871,28.9130241
618116300000261,58846.499294,18.7230873,0.0442266203,0,zg,132.6969716,28.9129966
618116300000261,58849.4661458,18.6753445,0.0427267291,0,zg,132.6969776,28.9130066
618116300000261,58849.4670718,18.6928768,0.0432706662,0,zg,132.6969952,28.9129941
618116300000261,58850.4217014,18.7776279,0.0460137241,0,zg,132.6970293,28.9130352
618116300000261,58851.5203125,18.7319736,0.0445123948,0,zg,132.6969717,28.9130095
618116300000261,58852.4851157,18.6631107,0.0423518047,0,zg,132.6970109,28.9129736
618116300000261,58852.4996875,18.7212963,0.0441692956,0,zg,132.6970016,28.9129643
618116300000261,58853.476088,18.6803551,0.0428813733,0,zg,132.6969971,28.9129723
618116300000261,58855.4636111,18.740572,0.0447908416,0,zg,132.6969939,28.9129756
618116300000261,58855.4870486,18.6964111,0.0433812812,0,zg,132.6969699,28.9129717
618116300000261,58862.423125,18.6193104,0.0410404131,0,zg,132.697004,28.9129427
618116300000261,58862.425544,18.7247658,0.0442804284,0,zg,132.6970175,28.9131231
618116300000261,58863.4139236,18.7150517,0.04397,0,zg,132.6969664,28.91299
618116300000261,58864.2042824,18.7185707,0.0440821722,0,zg,132.6969635,28.9129816
618116300000261,58866.3843634,18.7539597,0.0452284031,0,zg,132.6969874,28.9129841
618116300000261,58866.3852662,18.7279015,0.0443811864,0,zg,132.6969864,28.9129836
618116300000261,58867.3846412,18.6853199,0.0430352539,0,zg,132.6969747,28.9129865
618116300000261,58871.4025463,18.7093468,0.0437888838,0,zg,132.6970116,28.9130165
618116300000261,58871.4035185,18.7653465,0.045604337,0,zg,132.6969409,28.9129755
618116300000261,58872.2350116,18.7347794,0.0446030237,0,zg,132.696988,28.9130139
618116300000261,58874.3545949,18.7490463,0.0450672545,0,zg,132.696979,28.9129807
618116300000261,58875.3200694,18.7592468,0.045402512,0,zg,132.6969241,28.9129968
618116300000261,58876.2489005,18.7623711,0.0455057621,0,zg,132.6969951,28.9129914
618116300000261,58877.2348264,18.689785,0.0431741513,0,zg,132.6970053,28.9130088
618116300000261,58877.2475463,18.7235603,0.044241786,0,zg,132.696997,28.9129653
618116300000261,58878.2578356,18.709919,0.0438070074,0,zg,132.6972467,28.9130571
618116300000261,58879.2242014,18.6384373,0.0416072085,0,zg,132.6969454,28.9130296
618116300000261,58879.2537269,18.6428986,0.0417407006,0,zg,132.6970597,28.9129555
618116300000261,58880.2677199,18.7276592,0.0443733633,0,zg,132.6969791,28.9129834
618116300000261,58880.2686343,18.7491722,0.0450713895,0,zg,132.6970351,28.9129795
618116300000261,58881.2254282,18.6785698,0.0428261794,0,zg,132.697004,28.9129879
618116300000261,58883.4016898,18.6888256,0.0431442559,0,zg,132.6969449,28.9129909
618116300000261,58883.4025926,18.7735996,0.0458789952,0,zg,132.6969424,28.9130193
618116300000261,58885.2751968,18.8356209,0.048003152,0,zg,132.6971455,28.9129655
618116300000261,58886.2319329,18.7304173,0.0444621779,0,zg,132.6969247,28.9129686
618116300000261,58886.2328472,18.7438908,0.0448988639,0,zg,132.6969495,28.9130389
618116300000261,58890.2735648,18.6621952,0.0423239022,0,zg,132.697018,28.9129515
618116300000261,58890.2745023,18.5747452,0.0397544689,0,zg,132.6969675,28.9129726
618116300000261,58891.1969907,18.6955929,0.0433556251,0,zg,132.6969807,28.9129746
618116300000261,58893.2320949,18.6563931,0.0421475656,0,zg,132.6969626,28.9129813
618116300000261,58893.2330208,18.6493073,0.0419333577,0,zg,132.6969877,28.9129899
618116300000261,58894.194294,18.5903835,0.0402002446,0,zg,132.6969892,28.9129727
618116300000261,58895.2278704,18.6518593,0.0420103706,0,zg,132.6969646,28.9130007
618116300000261,58896.233669,18.6446934,0.0417945683,0,zg,132.6969934,28.9129932
618116300000261,58896.2494444,18.5911751,0.0402229652,0,zg,132.6969828,28.9129672
618116300000261,58898.2431713,18.6513386,0.0419946387,0,zg,132.6969819,28.9129773
618116300000261,58899.2148727,18.6916504,0.0432323515,0,zg,132.6969877,28.9129802
618116300000261,58903.2567477,18.6482182,0.0419005267,0,zg,132.6969812,28.9129807
618116300000261,58903.2884838,18.6201477,0.0410650223,0,zg,132.696999,28.9129776
618116300000261,58906.2729514,18.6273766,0.0412783213,0,zg,132.6969667,28.912979
618116300000261,58909.2515625,18.6905441,0.0431978293,0,zg,132.6970747,28.9128591
618116300000261,58912.2456481,18.6164627,0.0409567915,0,zg,132.6969557,28.9129559
618116300000261,58954.1802315,18.5374584,0.0387149341,0,zg,132.6969894,28.9130028
618116300000261,58962.2068171,18.5149803,0.0381039008,0,zg,132.6970019,28.9129756
618116300000261,58965.2064583,18.4828644,0.0372508653,0,zg,132.6969952,28.9129704
618116300000261,58972.2137384,18.554554,0.0391874909,0,zg,132.6970044,28.9129747
618116300000261,58975.2145833,18.4936409,0.0375345163,0,zg,132.6969391,28.9129942
618116300000261,58978.1850579,18.4074249,0.0353365503,0,zg,132.6969769,28.9129801
618116300000261,58981.1735301,18.426569,0.0358107202,0,zg,132.6969906,28.9129804
618116300000261,58999.2123148,18.4598808,0.0366545208,0,zg,132.6970709,28.9128553
618116300000261,59124.5337384,18.0934811,0.0285870619,0,zg,132.696957,28.9129795
618116300000261,59126.4883333,18.113596,0.0289659984,0,zg,132.6969715,28.9129994
618116300000261,59128.4716782,18.0883751,0.0284919534,32768,zg,132.6969544,28.9129867
618116300000261,59130.497419,18.1174583,0.0290395338,0,zg,132.6969809,28.9129869
618116300000261,59135.4453819,18.0715714,0.0281819571,0,zg,132.6969616,28.9129854
618116300000261,59137.4748611,18.1235256,0.0291555468,0,zg,132.6969641,28.912973
618116300000261,59139.4536111,18.1167221,0.0290254876,0,zg,132.6969614,28.9129855
618116300000261,59141.4716898,18.1334362,0.0293464251,0,zg,132.696955,28.9129965
618116300000261,59143.5117477,18.1561146,0.0297895279,0,zg,132.6969867,28.9129865
618116300000261,59145.4557523,18.1115074,0.028926339,0,zg,132.6969672,28.9129883
618116300000261,59149.4986574,18.1210442,0.0291080307,0,zg,132.6969946,28.912973
618116300000261,59150.5096412,18.1538849,0.0297455769,0,zg,132.6970024,28.9129762
618116300000261,59152.5374074,18.1450157,0.0295715705,0,zg,132.6969915,28.9129868
618116300000261,59155.5094097,18.070631,0.0281647407,0,zg,132.6969617,28.91299
618116300000261,59157.5068981,18.1049347,0.028802,0,zg,132.6969461,28.9129351
618116300000261,59165.4551505,18.1305656,0.0292909667,0,zg,132.6969732,28.9129906
618116300000261,59168.4864468,18.1446838,0.0295650735,0,zg,132.6969755,28.9129792
618116300000261,59170.4656019,18.152359,0.0297155418,0,zg,132.6969807,28.9129812
618116300000261,59173.4642014,18.1286983,0.0292549767,0,zg,132.6969665,28.9129834
618116300000261,59180.4847685,18.156332,0.0297938082,0,zg,132.6970801,28.9129342
618116300000261,59182.5451968,18.1729279,0.0301238094,0,zg,132.6969897,28.9130216
618116300000261,59185.4867014,18.1031685,0.0287687257,0,zg,132.6969883,28.9129664
618116300000261,59193.4215046,18.1986351,0.0306445938,0,zg,132.6969959,28.9129891
618116300000261,59198.3951852,18.1537609,0.0297431331,0,zg,132.6969717,28.9129833
618116300000261,59198.4144792,18.2198467,0.0310832318,0,zg,132.6969856,28.9129897
618116300000261,59200.4110648,18.2263451,0.0312192813,0,zg,132.6969746,28.9129855
618116300000261,59203.3824074,18.1959229,0.0305890944,0,zg,132.6969723,28.9129841
618116300000261,59205.3826968,18.1501961,0.0296730287,0,zg,132.6969829,28.9129824
618116300000261,59217.421875,18.1879768,0.0304272436,0,zg,132.696954,28.9130037
618116300000261,59219.4097569,18.1319084,0.0293168798,0,zg,132.6969637,28.9129814
618116300000261,59221.3413426,18.1654797,0.0299751125,0,zg,132.696985,28.9129764
618116300000261,59223.3395023,18.1178589,0.0290471762,0,zg,132.6969671,28.9129832
618116300000261,59226.4504167,18.1450577,0.0295723882,0,zg,132.6969748,28.9129954
618116300000261,59228.4247917,18.1233025,0.029151272,0,zg,132.6969841,28.9129954
618116300000261,59230.4028009,18.1441994,0.0295556188,0,zg,132.6969775,28.9129926
618116300000261,59232.4267477,18.1799965,0.0302658435,0,zg,132.6970008,28.9129857
618116300000261,59249.2686227,18.2040272,0.0307553243,32768,zg,132.6969685,28.9130574
618116300000261,59251.3649769,18.1138592,0.0289710071,0,zg,132.6969674,28.9129922
618116300000261,59253.2564583,18.0899582,0.0285213962,0,zg,132.6969733,28.9129869
618116300000261,59262.2961111,18.0917854,0.0285554379,0,zg,132.6969932,28.9129877
618116300000261,59264.3202662,18.0745392,0.0282363817,0,zg,132.6969918,28.9130121
618116300000261,59266.2763426,18.044714,0.0276960097,0,zg,132.6969781,28.9130384
618116300000261,59268.1924884,18.109045,0.0288796667,0,zg,132.6969732,28.9129955
618116300000261,59272.1746759,17.9938126,0.026806403,0,zg,132.6970258,28.9129736
618116300000261,59274.2119213,18.05233,0.0278326347,0,zg,132.6969131,28.9130814
618116300000261,59280.2334838,18.1127396,0.0289497133,0,zg,132.6969908,28.9130057
618116300000261,59290.2115625,18.0816841,0.0283679571,0,zg,132.6969865,28.9130033
618116300000261,59292.2764699,18.0437393,0.027678607,0,zg,132.6969753,28.9130144
618116300000261,59294.2339931,18.0896416,0.0285154935,0,zg,132.6970042,28.9129951
618116300000261,59296.28625,17.9562416,0.0261753015,0,zg,132.6968843,28.9130313
618116300000261,59301.2470949,18.0315132,0.0274614133,0,zg,132.696973,28.9130209
618116300000261,59303.2173727,18.0602665,0.0279760025,0,zg,132.6969897,28.9129722
618116300000261,59306.2890509,18.0601273,0.0279734731,0,zg,132.6969981,28.9130133
618116300000261,59308.2367477,18.0664005,0.0280874837,0,zg,132.6969904,28.9129692
618116300000261,59312.2279398,18.0861359,0.0284503829,0,zg,132.6969845,28.9129804
618116300000261,59314.2165162,18.0781021,0.028301876,0,zg,132.6970026,28.9129929
618116300000261,59316.2181481,18.0775089,0.0282909684,0,zg,132.6969904,28.9129811
618116300000261,59319.2388426,18.0994644,0.0286990684,0,zg,132.6970107,28.9129772
618116300000261,59321.1851968,18.1257133,0.029197555,0,zg,132.6969849,28.9129893
618116300000261,59323.1788079,18.1472721,0.0296156928,0,zg,132.6969755,28.91299
618116300000261,59328.1950694,18.0732727,0.0282131284,0,zg,132.6970313,28.9129763
618116300000261,59334.1754398,18.1177406,0.0290449243,0,zg,132.6969745,28.9129735
618116300000261,59336.2265394,18.1029434,0.0287644826,0,zg,132.6969926,28.9129882
618116300000261,59338.1765625,18.0663414,0.028086422,0,zg,132.6969984,28.9129878
618116300000261,59342.2146759,18.1004524,0.0287176259,0,zg,132.6970101,28.9129778
618116300000261,59346.1864931,18.0360832,0.0275423061,0,zg,132.6969804,28.9129947
618116300000261,59348.2354861,18.0703087,0.0281588547,0,zg,132.6970007,28.9129905
618116300000261,59350.1866551,18.1066322,0.0288340393,0,zg,132.6969995,28.9129826
618116300000261,59356.1865046,18.0830727,0.0283936299,0,zg,132.6970158,28.9129204
618116300000261,59485.4684838,17.2655621,0.017723158,32768,zg,132.6971231,28.9129231
618116300000261,59500.4558565,18.1123886,0.0289430581,0,zg,132.6969762,28.9129983
618116300000261,59503.5029398,18.1675663,0.0300166626,0,zg,132.6969992,28.9129795
618116300000261,59509.4335764,18.132164,0.0293218307,0,zg,132.6969687,28.9129946
618116300000261,59522.5079398,18.1603699,0.0298736729,0,zg,132.6969742,28.9129884
618116300000261,59524.5261227,18.1773224,0.0302119926,0,zg,132.6970013,28.9129992
618116300000261,59526.4665972,18.1825161,0.0303166676,0,zg,132.6969691,28.9129783
618116300000261,59529.5093287,18.1708469,0.030082155,0,zg,132.6969869,28.9129767
618116300000261,59531.494294,18.1205521,0.0290986132,0,zg,132.6969723,28.9129834
618116300000261,59536.4378819,18.1579208,0.0298251975,0,zg,132.6969821,28.9129722
618116300000261,59550.4337616,18.116993,0.0290306471,0,zg,132.6969834,28.9129837
618116300000261,59622.2679051,18.0695534,0.0281450357,0,zg,132.6969827,28.9129522
618116300000261,59627.3038657,18.1956787,0.0305841006,0,zg,132.6968247,28.9128186
618116300000261,59629.4079282,18.0670166,0.0280987192,0,zg,132.6970047,28.9129664
618116300000261,59636.2278935,18.1022549,0.028751513,0,zg,132.6969882,28.9129893
618116300000261,59638.3515394,18.1144028,0.0289813448,0,zg,132.6969574,28.9129702
618116300000261,59640.3481829,18.1097317,0.028892668,0,zg,132.6969843,28.9130018
618116300000261,59671.2913657,18.1460171,0.0295911487,0,zg,132.6970015,28.9130179
618116300000261,59674.3653704,18.1062908,0.0288276002,0,zg,132.6969903,28.9129545
618116300000261,59676.2241319,18.1523209,0.029714793,0,zg,132.6970125,28.9130284
618116300000261,59678.1764468,18.1584282,0.0298352391,0,zg,132.6969902,28.912974
618116300000261,59682.2054398,18.1388493,0.029451387,0,zg,132.6969442,28.9129566
618116300000261,59684.2794329,17.9809456,0.026587883,0,zg,132.6969992,28.912936
618116300000261,59687.1721759,18.1508713,0.0296863001,0,zg,132.6969983,28.9129883
618116300000261,59689.3244213,18.2251453,0.0311940927,0,zg,132.6970518,28.9129136
618116300000261,59693.2227083,18.1142616,0.0289786458,0,zg,132.697001,28.9130171
618116300000261,59695.1878009,18.1450176,0.0295715947,0,zg,132.6969972,28.9129981
618116300000261,59697.2181366,18.1886864,0.0304416418,0,zg,132.6970073,28.9129865
618116300000261,59699.2047917,18.1487141,0.0296439528,0,zg,132.6969879,28.9129815
618116300000261,59701.1738889,18.1350632,0.0293779206,0,zg,132.6970051,28.9129822
618116300000261,59703.1830324,18.1569824,0.0298066624,0,zg,132.6969632,28.9129965
1662106100004194,58427.4145486,18.4924088,0.0470207743,32768,zg,132.6968575,28.9130911
1662106100004194,58428.5521991,18.5042114,0.0474143364,32768,zg,132.6969671,28.9130749
1662106100004194,58430.3839236,18.4616833,0.0460135005,0,zg,132.6969447,28.9129891
1662106100004194,58439.4486921,18.5085907,0.0475612693,0,zg,132.6969454,28.9129781
1662106100004194,58442.4356597,18.3977699,0.0439963192,32768,zg,132.6968753,28.9129755
1662106100004194,58482.4857292,18.5113335,0.0476535782,0,zg,132.6969563,28.9129825
1662106100004194,58539.2498495,18.5398369,0.0486248061,32768,zg,132.6970026,28.9130867
1662106100004194,58561.2227431,18.3119736,0.0414489098,0,zg,132.6969855,28.9129917
1662106100004194,58562.2238194,18.4358978,0.0451870933,0,zg,132.69695,28.9130058
1662106100004194,58574.1847569,18.4539394,0.0457635187,32768,zg,132.696944,28.9130109
1662106100004194,58582.1384954,18.3381557,0.0422072671,0,zg,132.6969658,28.9129821
1662106100004194,58588.2574653,18.4259224,0.0448719859,32768,zg,132.6969293,28.9129852
1662106100004194,58768.4693634,18.7104855,0.0549105741,0,zg,132.6969465,28.9129889
1662106100004194,58768.4698032,18.6381683,0.0521461926,0,zg,132.6969688,28.9130272
1662106100004194,58879.2183218,18.7625427,0.0569951013,0,zg,132.6969275,28.9129692
1662106100004194,58879.22375,18.8014545,0.0586060137,0,zg,132.6969816,28.9129985
1662106100004194,58898.2436227,18.8031082,0.0586755313,32768,zg,132.6969157,28.9129868
1662106100004194,58898.2440741,18.7971134,0.0584240593,32768,zg,132.6969086,28.9130005
1662106100004194,59142.4755208,18.2157288,0.0387995653,32768,zg,132.6969109,28.9129946
1662106100004194,59142.4759838,18.267704,0.0402036645,32768,zg,132.6969384,28.9129867
1662106100004194,59163.4959144,18.1894474,0.0381127819,32768,zg,132.6969236,28.9129914
1662106100004194,59163.4963773,18.1970139,0.0383089371,0,zg,132.696944,28.9129896
