oid,mjd,mag,magerr,catflags,filtercode,ra,dec
786206100002600,58214.2101505,18.7679443,0.0658878535,32768,zr,149.8461412,54.4912885
786206100002600,58215.2320602,19.0956383,0.085736081,32768,zr,149.8462495,54.4912852
786206100002600,58217.2104167,19.0874081,0.0851759836,0,zr,149.8462108,54.4912417
786206100002600,58217.2276505,19.0947685,0.0856766924,0,zr,149.8462209,54.4912487
786206100002600,58217.2464815,18.9866123,0.0785806626,32768,zr,149.846254,54.4912553
786206100002600,58217.2474769,18.9921722,0.0789318755,0,zr,149.8462218,54.4912441
786206100002600,58218.2271065,19.1009712,0.0861007124,0,zr,149.8462224,54.4912381
786206100002600,58218.2332755,19.0257263,0.081082359,0,zr,149.8461892,54.4912534
786206100002600,58219.2027778,19.0438004,0.0822629705,0,zr,149.8462093,54.4912446
786206100002600,58223.1904514,19.0778999,0.0845329985,0,zr,149.846198,54.4912514
786206100002600,58224.1524537,18.5145016,0.0537103638,32768,zr,149.8463752,54.4913155
786206100002600,58224.1866088,19.0692596,0.0839525163,0,zr,149.8462492,54.4912565
786206100002600,58224.1875926,19.0720234,0.0841377676,0,zr,149.8461805,54.4912581
786206100002600,58227.1533333,19.0515041,0.0827708766,0,zr,149.8461875,54.4912439
786206100002600,58227.1543287,18.9847717,0.0784647241,0,zr,149.8461691,54.4912717
786206100002600,58229.1845486,18.9982338,0.0793164223,0,zr,149.8461941,54.4912938
786206100002600,58231.1762847,18.9771347,0.0779853761,0,zr,149.8461935,54.4912807
786206100002600,58231.1772801,19.0557537,0.0830523074,0,zr,149.8462033,54.4912584
786206100002600,58232.2004398,19.1816216,0.0917858481,32768,zr,149.8463965,54.4911493
786206100002600,58242.15375,19.0884666,0.0852478296,0,zr,149.8461643,54.4912888
786206100002600,58243.1873727,19.0350266,0.0816879123,0,zr,149.8462411,54.4912697
786206100002600,58244.1859375,19.1287308,0.0880214721,0,zr,149.8462264,54.4912505
786206100002600,58245.1605671,19.0036087,0.0796588808,0,zr,149.8462238,54.4912516
786206100002600,58245.1615046,19.1331902,0.0883334801,0,zr,149.8462186,54.4912841
786206100002600,58246.2183565,19.1008301,0.0860910714,0,zr,149.8462498,54.4912885
786206100002600,58247.2261343,19.0313663,0.0814490691,0,zr,149.8462613,54.4912632
786206100002600,58249.1637616,19.0881824,0.0852284804,32768,zr,149.8462387,54.491301
786206100002600,58254.1746528,19.0710716,0.0840739533,0,zr,149.8462562,54.4912854
786206100002600,58254.1755787,19.009058,0.0800074488,0,zr,149.8462414,54.4912559
786206100002600,58257.222963,19.0397224,0.0819952115,0,zr,149.8462275,54.4912466
786206100002600,58257.2248264,19.1139126,0.0869914517,0,zr,149.8462032,54.4912313
786206100002600,58258.1995139,19.1180115,0.0872753337,0,zr,149.846205,54.4912291
786206100002600,58260.1734954,19.0555763,0.083040528,0,zr,149.8461709,54.4912635
786206100002600,58260.1744213,19.0981483,0.0859074965,0,zr,149.846187,54.491286
786206100002600,58262.1774769,19.0890598,0.0852880776,0,zr,149.8461849,54.4912567
786206100002600,58262.2353009,19.0679264,0.0838631988,0,zr,149.8462727,54.4912595
786206100002600,58263.1965162,19.0479813,0.082538262,0,zr,149.8462144,54.4912764
786206100002600,58266.2581134,18.8890114,0.0726493448,0,zr,149.846208,54.4912783
786206100002600,58266.2590278,18.9866486,0.0785829201,0,zr,149.8463397,54.4912197
786206100002600,58271.181794,18.9726791,0.0777069256,0,zr,149.8462299,54.4912615
786206100002600,58277.2393287,19.0477905,0.082525678,0,zr,149.8461884,54.491262
786206100002600,58278.2427546,19.0074081,0.0799017474,0,zr,149.8462031,54.4912476
786206100002600,58280.1813773,19.1138725,0.0869887397,0,zr,149.8462517,54.4912749
786206100002600,58280.1851389,19.0017757,0.0795419216,0,zr,149.8463189,54.49126
786206100002600,58284.1776042,19.0080757,0.0799445137,0,zr,149.8461858,54.4912846
786206100002600,58284.1790972,19.1000957,0.0860407874,0,zr,149.8462642,54.4912598
786206100002600,58372.5219444,18.8722572,0.0716750026,0,zr,149.8462894,54.4911642
786206100002600,58375.5219444,18.9809093,0.078221947,0,zr,149.8461571,54.4912523
786206100002600,58378.5103356,19.0088844,0.0799962878,0,zr,149.8462633,54.4912412
786206100002600,58382.5287037,19.0422611,0.0821618289,0,zr,149.8462009,54.4912128
786206100002600,58385.5282292,18.9190521,0.0744282678,0,zr,149.8460534,54.4912635
786206100002600,58388.5298264,19.0087318,0.0799865052,0,zr,149.8461816,54.4912383
786206100002600,58397.5267014,19.0139961,0.0803245008,0,zr,149.8462492,54.491273
786206100002600,58422.5317361,19.0226974,0.0808860213,0,zr,149.8461478,54.4912601
786206100002600,58422.5326389,18.99189,0.0789139867,0,zr,149.8461134,54.4912422
786206100002600,58423.5125116,19.1344299,0.088420406,0,zr,149.8461653,54.4912332
786206100002600,58424.5313657,19.0868664,0.0851391777,0,zr,149.8462037,54.4912598
786206100002600,58425.4708333,19.1537704,0.0897863507,0,zr,149.8462286,54.4912602
786206100002600,58425.4731597,19.0394192,0.0819753781,0,zr,149.8461971,54.491262
786206100002600,58426.5130208,19.0989723,0.0859638378,0,zr,149.8462074,54.4912712
786206100002600,58427.4878125,19.0115967,0.0801702663,0,zr,149.8463741,54.4912814
786206100002600,58428.5145255,19.0294399,0.0813236311,0,zr,149.8462123,54.4913016
786206100002600,58428.5154398,19.0268402,0.0811547115,0,zr,149.8462226,54.4913216
786206100002600,58429.5131481,19.1396561,0.0887876973,0,zr,149.846233,54.491289
786206100002600,58430.4895949,19.1262531,0.0878484622,0,zr,149.8462239,54.4912439
786206100002600,58431.5301736,19.2325859,0.0955441892,0,zr,149.8462862,54.4912704
786206100002600,58431.5329167,19.0096245,0.0800437406,0,zr,149.8462228,54.4913004
786206100002600,58432.5304051,19.0519047,0.0827973634,0,zr,149.8461285,54.4912646
786206100002600,58434.4721412,18.9200325,0.0744870603,0,zr,149.8462313,54.4911544
786206100002600,58434.4730556,18.9033241,0.0734918267,0,zr,149.8463038,54.4913251
786206100002600,58437.5291551,19.0464687,0.0824385434,0,zr,149.8461603,54.4912716
786206100002600,58437.5300694,19.0615406,0.0834368989,0,zr,149.8462371,54.4912521
786206100002600,58438.5319444,19.0840225,0.0849465281,0,zr,149.8462218,54.4912482
786206100002600,58440.5105787,19.1238976,0.0876842961,0,zr,149.8462208,54.4912775
786206100002600,58440.5114931,19.0441284,0.082284525,0,zr,149.8461946,54.491244
786206100002600,58441.5297917,19.0397682,0.0819981843,0,zr,149.8462245,54.4912558
786206100002600,58442.5390394,19.1397591,0.0887949988,0,zr,149.8462175,54.4912319
786206100002600,58443.4470486,19.0208015,0.0807633996,0,zr,149.8462335,54.4912469
786206100002600,58443.447963,19.0528011,0.0828566849,0,zr,149.8461616,54.4912589
786206100002600,58447.4450116,19.1718445,0.091079548,0,zr,149.8461148,54.4912401
786206100002600,58447.4485185,19.2127457,0.0940656513,0,zr,149.8463453,54.4912084
786206100002600,58447.5081019,18.9324493,0.0752349272,0,zr,149.8462967,54.4912519
786206100002600,58447.5137616,19.1350384,0.08846315,0,zr,149.8462482,54.4911695
786206100002600,58448.4881713,19.1637058,0.0904952586,0,zr,149.8462236,54.4911187
786206100002600,58448.5299306,19.0324459,0.0815194696,0,zr,149.8461921,54.4912638
786206100002600,58449.5049884,19.0329838,0.0815545321,0,zr,149.8462387,54.4912605
786206100002600,58450.5334954,19.0996475,0.0860100985,0,zr,149.8461988,54.4912897
786206100002600,58450.5344097,19.118988,0.0873430595,0,zr,149.84619,54.4912559
786206100002600,58455.4704167,19.0439491,0.0822727606,0,zr,149.8462785,54.4912533
786206100002600,58455.4733796,19.0861778,0.0850925371,0,zr,149.8462666,54.4912243
786206100002600,58455.5075579,19.2040005,0.0934201926,32768,zr,149.846421,54.4912541
786206100002600,58461.527581,18.9950562,0.0791145936,0,zr,149.8462325,54.4912968
786206100002600,58461.5303704,19.1235619,0.0876609907,0,zr,149.846153,54.491269
786206100002600,58464.5342593,19.05797,0.0831994116,0,zr,149.8461953,54.4912509
786206100002600,58464.5351736,19.0671654,0.0838123336,0,zr,149.8462109,54.4912723
786206100002600,58465.4963426,19.1002674,0.086052537,0,zr,149.8462195,54.4912484
786206100002600,58468.4859144,19.0828915,0.0848699883,0,zr,149.8462114,54.4912696
786206100002600,58472.4491667,19.1317368,0.0882316753,0,zr,149.8462332,54.4912729
786206100002600,58472.4519213,19.054533,0.0829713866,0,zr,149.8462412,54.4912536
786206100002600,58480.4475694,19.0875378,0.0851847082,0,zr,149.8462275,54.4912846
786206100002600,58486.4640162,19.038208,0.081896022,0,zr,149.846185,54.4912634
786206100002600,58486.4649421,19.0998096,0.0860211924,0,zr,149.8461984,54.491282
786206100002600,58487.432419,19.0740356,0.0842729062,0,zr,149.8462416,54.4912818
786206100002600,58492.4694676,18.9575481,0.0767683461,32768,zr,149.8461973,54.4912339
786206100002600,58493.4816319,19.0526962,0.0828497335,0,zr,149.8461904,54.4912474
786206100002600,58502.4096759,19.0787144,0.0845878944,0,zr,149.8461209,54.4913291
786206100002600,58502.4301852,18.9290352,0.0750285983,0,zr,149.8463515,54.4912191
786206100002600,58502.5306713,19.0589905,0.0832672194,0,zr,149.8462611,54.4912844
786206100002600,58502.5316319,18.983799,0.0784035102,0,zr,149.8462154,54.491225
786206100002600,58503.3111343,18.9141579,0.0741356835,0,zr,149.8462592,54.4912724
786206100002600,58503.3275926,19.0543537,0.0829595402,0,zr,149.8458303,54.4912815
786206100002600,58503.3442245,18.9992447,0.0793807358,0,zr,149.8462215,54.4913308
786206100002600,58503.361169,19.0241146,0.0809778422,0,zr,149.8463691,54.4912483
786206100002600,58503.3789005,19.018055,0.0805860013,0,zr,149.8461937,54.4912622
786206100002600,58503.4137384,19.1087036,0.086631991,0,zr,149.8462957,54.4912502
786206100002600,58503.4302431,19.0247822,0.0810211226,0,zr,149.8461557,54.4912626
786206100002600,58503.4466435,19.1052742,0.0863960087,0,zr,149.8462705,54.4913045
786206100002600,58503.4618634,19.061758,0.083451435,0,zr,149.8461954,54.4913
786206100002600,58505.2661806,19.0159607,0.0804509744,0,zr,149.8463008,54.4911838
786206100002600,58505.2794907,19.1125526,0.0868974477,0,zr,149.8461807,54.4912965
786206100002600,58505.2921181,19.1485519,0.0894160271,0,zr,149.8462063,54.4911596
786206100002600,58505.3176505,18.9389458,0.0756290108,0,zr,149.8460149,54.4913939
786206100002600,58505.3312731,19.153614,0.0897752494,0,zr,149.8459991,54.4912823
786206100002600,58505.3452894,18.9777565,0.0780242607,0,zr,149.846208,54.4912563
786206100002600,58505.3591782,19.1003895,0.0860608593,0,zr,149.8461877,54.4912901
786206100002600,58505.3722454,18.8750248,0.0718351007,0,zr,149.8461516,54.4912289
786206100002600,58505.5139699,18.8474598,0.0702558905,0,zr,149.8462051,54.4910454
786206100002600,58506.2535417,19.34552,0.104334563,0,zr,149.8464254,54.4914484
786206100002600,58506.2698264,18.9632568,0.0771212131,0,zr,149.8464274,54.4912717
786206100002600,58506.2857639,19.0108986,0.0801254958,0,zr,149.845956,54.4912478
786206100002600,58506.301794,19.1197357,0.0873949304,0,zr,149.8461504,54.4912678
786206100002600,58506.3180324,19.2592392,0.0975612402,0,zr,149.8465693,54.4912173
786206100002600,58506.3352315,19.0790005,0.0846071839,0,zr,149.8461624,54.4912566
786206100002600,58506.3528819,19.1160641,0.0871403441,0,zr,149.8464796,54.4912993
786206100002600,58506.3705093,19.0154419,0.080417566,0,zr,149.8462096,54.4912613
786206100002600,58506.3869444,19.0896702,0.0853295475,0,zr,149.8461614,54.4912597
786206100002600,58506.4031481,19.0741119,0.0842780322,0,zr,149.8462122,54.4912043
786206100002600,58507.2741435,19.0203705,0.0807355046,0,zr,149.8461947,54.4912404
786206100002600,58507.2930903,19.1515961,0.0896318629,0,zr,149.8462556,54.4912529
786206100002600,58507.2960417,19.076519,0.0844399333,0,zr,149.8462437,54.4912505
786206100002600,58507.2989931,19.1202774,0.0874325261,0,zr,149.8462085,54.4912818
786206100002600,58507.3019444,19.0246487,0.0810124576,0,zr,149.8461963,54.4912264
786206100002600,58507.3048958,18.9584694,0.0768252015,0,zr,149.8461729,54.4912764
786206100002600,58507.3078472,19.1530457,0.08973483,0,zr,149.8462029,54.4912657
786206100002600,58507.3107986,19.1103725,0.0867470428,0,zr,149.8461789,54.4912355
786206100002600,58507.31375,19.0894985,0.0853178725,0,zr,149.8462704,54.4912474
786206100002600,58507.3166898,19.0627937,0.0835204571,0,zr,149.8461994,54.4912858
786206100002600,58507.3196412,19.036171,0.0817627162,0,zr,149.8462001,54.4912937
786206100002600,58507.3225926,19.0520935,0.0828099027,0,zr,149.8462943,54.4912251
786206100002600,58507.325544,19.0389748,0.0819462314,0,zr,149.8461938,54.4912751
786206100002600,58507.3284954,19.0771332,0.0844812766,0,zr,149.8462156,54.4912804
786206100002600,58507.3314468,19.0514164,0.0827651247,0,zr,149.8462352,54.4912584
786206100002600,58507.3343981,19.051878,0.0827956349,0,zr,149.846203,54.4912702
786206100002600,58507.3373611,19.0732517,0.0842202008,0,zr,149.8461447,54.4912393
786206100002600,58507.3403125,19.0422421,0.0821605772,0,zr,149.8462752,54.4912385
786206100002600,58507.3432639,19.1363773,0.0885571465,0,zr,149.8462384,54.4912645
786206100002600,58507.3462153,19.190609,0.0924392268,0,zr,149.8461975,54.4912404
786206100002600,58507.3491667,19.0403728,0.0820378959,0,zr,149.8462587,54.491259
786206100002600,58507.3521181,19.1833324,0.0919099003,0,zr,149.8462636,54.4912361
786206100002600,58507.3564699,19.0230427,0.0809084177,0,zr,149.8462899,54.4912737
786206100002600,58507.3594329,19.0662632,0.0837520137,0,zr,149.8462136,54.4912722
786206100002600,58507.3623958,19.0430222,0.0822117925,0,zr,149.8462105,54.4913131
786206100002600,58507.3653588,19.0728035,0.084190093,0,zr,149.8461982,54.4912854
786206100002600,58507.3683218,19.0852833,0.0850318596,0,zr,149.8462389,54.4912461
786206100002600,58507.3712963,19.0698795,0.083994031,0,zr,149.8462345,54.4912436
786206100002600,58507.3742593,19.0140038,0.0803250298,0,zr,149.8461948,54.4912685
786206100002600,58507.3772338,19.1434307,0.0890538618,0,zr,149.8462201,54.4912844
786206100002600,58507.3802083,18.9201088,0.0744916275,0,zr,149.8462862,54.4912441
786206100002600,58507.3831713,19.0902233,0.0853671432,0,zr,149.8462723,54.4912267
786206100002600,58507.3861458,19.1068172,0.0865020677,0,zr,149.8462737,54.4912286
786206100002600,58507.3891088,19.06847,0.0838995799,0,zr,149.8462901,54.4912168
786206100002600,58507.3920718,19.0815792,0.0847812518,0,zr,149.8461892,54.4912728
786206100002600,58507.3950347,19.1146278,0.0870409235,0,zr,149.8462308,54.4912436
786206100002600,58507.3979977,19.1422806,0.0889726877,0,zr,149.8463077,54.4912027
786206100002600,58507.4009606,19.1038799,0.0863002017,0,zr,149.8462244,54.4912484
786206100002600,58507.403912,19.0226974,0.0808860213,0,zr,149.8462351,54.4912937
786206100002600,58507.406875,19.0611992,0.083414197,0,zr,149.8461953,54.491299
786206100002600,58507.409838,19.1534042,0.0897603258,0,zr,149.8462811,54.4912147
786206100002600,58507.4128009,19.1749783,0.0913054198,0,zr,149.8462053,54.4912988
786206100002600,58507.4157639,19.0534344,0.0828985795,0,zr,149.846153,54.4912852
786206100002600,58507.4187269,18.9683132,0.0774350539,0,zr,149.8461682,54.4911905
786206100002600,58507.4216898,19.0958977,0.085753724,0,zr,149.8461824,54.4913078
786206100002600,58507.4246528,19.0586262,0.0832430571,0,zr,149.8461408,54.4911972
786206100002600,58507.4276157,19.0970058,0.0858294442,0,zr,149.8463223,54.4912838
786206100002600,58507.4305787,19.0745506,0.0843075141,0,zr,149.8462327,54.4912574
786206100002600,58507.4335417,19.0968704,0.0858201534,0,zr,149.8462545,54.4912604
786206100002600,58507.4364931,19.0383492,0.0819052383,0,zr,149.8462432,54.4912955
786206100002600,58507.439456,19.2577667,0.0974489003,0,zr,149.8463383,54.4913245
786206100002600,58507.4424074,19.0057602,0.079796277,0,zr,149.8461665,54.4913127
786206100002600,58507.4453588,19.1089725,0.0866504759,0,zr,149.8461694,54.4912922
786206100002600,58507.4482986,18.9242668,0.0747413039,0,zr,149.8463301,54.4911966
786206100002600,58507.45125,19.0507622,0.0827218667,0,zr,149.8461951,54.4912183
786206100002600,58507.4542014,19.112627,0.0869026408,0,zr,149.846025,54.4912736
786206100002600,58507.4571528,19.0444241,0.0823039562,0,zr,149.8462107,54.4912147
786206100002600,58508.2338079,19.0372143,0.0818309411,0,zr,149.8461783,54.4912794
786206100002600,58508.2347106,19.0095768,0.0800406858,0,zr,149.8462443,54.4912494
786206100002600,58508.2931944,19.0266743,0.0811438709,0,zr,149.8461563,54.4912429
786206100002600,58508.2961458,19.1379108,0.0886648968,0,zr,149.8461221,54.4912396
786206100002600,58508.2990972,19.1047058,0.0863569379,0,zr,149.8461849,54.4912279
786206100002600,58508.303912,18.9904156,0.0788207278,0,zr,149.8462299,54.4911895
786206100002600,58508.3068634,19.0324192,0.081517756,0,zr,149.8462407,54.4912731
786206100002600,58508.3098148,19.0423222,0.0821658149,0,zr,149.8462855,54.4912615
786206100002600,58508.3142824,19.2338715,0.0956406295,0,zr,149.846097,54.4912468
786206100002600,58508.3172338,19.0486069,0.0825795382,0,zr,149.8462595,54.4912621
786206100002600,58508.3201852,18.9704914,0.0775705799,0,zr,149.8462488,54.491197
786206100002600,58508.3231366,19.0812607,0.0847597569,0,zr,149.8462495,54.4912748
786206100002600,58508.3260764,19.0747986,0.084324196,0,zr,149.8461431,54.4912675
786206100002600,58508.3290278,19.0182056,0.0805956945,0,zr,149.8461344,54.4912542
786206100002600,58508.3319792,18.9789391,0.0780983418,0,zr,149.8461857,54.4912666
786206100002600,58508.3349306,19.0432568,0.0822272226,0,zr,149.8462013,54.4912331
786206100002600,58508.3378819,19.0104694,0.0800979584,0,zr,149.8462046,54.4912604
786206100002600,58508.3408333,19.1341438,0.0884003416,0,zr,149.8462332,54.4912587
786206100002600,58508.3437847,19.2075882,0.0936845616,0,zr,149.8461574,54.4912519
786206100002600,58508.3467361,19.0331955,0.0815683678,0,zr,149.8461506,54.4912251
786206100002600,58508.3496991,19.0398636,0.0820044354,0,zr,149.846187,54.4912766
786206100002600,58508.3526505,19.0435028,0.082243368,0,zr,149.846086,54.4912476
786206100002600,58508.3556134,19.1136818,0.0869755447,0,zr,149.8461746,54.4912064
786206100002600,58508.3585764,19.1425095,0.0889888331,0,zr,149.8461601,54.4912968
786206100002600,58508.3615394,19.0957928,0.085746564,0,zr,149.8462371,54.4912249
786206100002600,58508.3645023,19.0052681,0.0797648802,0,zr,149.846203,54.4912835
786206100002600,58508.3688426,19.2749786,0.0987690389,0,zr,149.846377,54.4912492
786206100002600,58508.3718171,19.0573425,0.0831577629,0,zr,149.8462744,54.4912447
786206100002600,58508.3747801,19.1295185,0.0880764648,0,zr,149.8461891,54.4912183
786206100002600,58508.3777546,19.3070831,0.101271078,0,zr,149.8460761,54.4912699
786206100002600,58508.3807292,19.1091366,0.0866618082,0,zr,149.846143,54.4912648
786206100002600,58508.3836921,19.1979141,0.0929732695,0,zr,149.8462146,54.4912536
786206100002600,58508.3866667,19.0594406,0.0832971931,0,zr,149.8463512,54.4912212
786206100002600,58508.3896296,19.1894073,0.0923516303,0,zr,149.846242,54.4911847
786206100002600,58508.3925926,19.1069603,0.0865119249,0,zr,149.8461763,54.4912798
786206100002600,58508.3955556,19.0110703,0.0801365152,0,zr,149.8462169,54.4912667
786206100002600,58508.4014699,19.1479435,0.0893728733,0,zr,149.8462064,54.4912679
786206100002600,58508.4044329,19.1413956,0.0889103115,0,zr,149.8461515,54.4912399
786206100002600,58508.4073958,19.0712852,0.0840882659,0,zr,149.846235,54.4912278
786206100002600,58508.4103588,19.097002,0.0858291909,0,zr,149.8462609,54.4912187
786206100002600,58508.4133218,19.0277195,0.081211783,0,zr,149.846178,54.4912727
786206100002600,58508.4162847,19.0913982,0.0854470879,0,zr,149.8462301,54.4912505
786206100002600,58508.4192477,19.0531616,0.0828805864,0,zr,149.846088,54.4913125
786206100002600,58508.4222106,18.9442635,0.0759530813,0,zr,149.8462593,54.4912405
786206100002600,58508.4251736,19.1843948,0.0919869915,0,zr,149.8463442,54.4912699
786206100002600,58508.4281366,19.1489944,0.0894473642,0,zr,149.8462591,54.4912145
786206100002600,58508.431088,19.0686321,0.0839104503,0,zr,149.8462682,54.4912569
786206100002600,58508.4340509,19.0133209,0.0802811086,0,zr,149.8461792,54.4912804
786206100002600,58508.4370023,19.0575905,0.0831742361,0,zr,149.8463075,54.4912718
786206100002600,58508.4399537,19.0534897,0.0829022974,0,zr,149.8463086,54.4912738
786206100002600,58508.4429051,19.111084,0.0867960453,0,zr,149.8462156,54.4912244
786206100002600,58508.4458565,19.163166,0.090456605,0,zr,149.8458288,54.4911727
786206100002600,58508.4488079,19.1474056,0.0893348157,0,zr,149.8461128,54.4912724
786206100002600,58508.4517593,19.0954304,0.0857218355,0,zr,149.846273,54.4913001
786206100002600,58508.4547106,19.2033939,0.0933756232,0,zr,149.8461334,54.4912732
786206100002600,58508.457662,19.0909767,0.0854183808,0,zr,149.8462467,54.4912133
786206100002600,58509.2833218,19.0246849,0.0810148567,0,zr,149.8462615,54.4913366
786206100002600,58509.2936806,19.0185204,0.0806160048,0,zr,149.8462737,54.4913538
786206100002600,58509.2966319,19.0846195,0.0849868804,0,zr,149.846139,54.4912373
786206100002600,58509.2995833,19.0255775,0.0810726956,0,zr,149.8461243,54.4912215
786206100002600,58509.3025347,19.0985031,0.0859317854,0,zr,149.8464063,54.4912921
786206100002600,58509.3054861,19.1516933,0.0896388069,0,zr,149.8462082,54.4912775
786206100002600,58509.3084375,19.2575226,0.0974302739,0,zr,149.8460184,54.4912274
786206100002600,58509.3113889,18.8547058,0.070667766,0,zr,149.8464168,54.4912325
786206100002600,58509.3143519,19.055481,0.0830342025,0,zr,149.8463975,54.491361
786206100002600,58509.3173032,19.1841145,0.0919666663,0,zr,149.8462349,54.4912068
786206100002600,58509.3202546,19.0872669,0.0851663426,0,zr,149.8461242,54.4912375
786206100002600,58509.323206,19.0764961,0.0844384059,0,zr,149.8462897,54.4911927
786206100002600,58509.3261574,19.0238132,0.0809583068,0,zr,149.8462499,54.4912654
786206100002600,58509.3291088,19.1222191,0.0875675008,0,zr,149.8462186,54.4913591
786206100002600,58509.3350116,18.9009228,0.0733497888,0,zr,149.8461786,54.4912924
786206100002600,58509.337963,19.1351547,0.0884712636,0,zr,149.8462156,54.4912866
786206100002600,58509.3428704,19.0159264,0.0804487318,0,zr,149.8462538,54.4912707
786206100002600,58509.3458333,19.0614567,0.0834313333,0,zr,149.8462207,54.4912728
786206100002600,58509.3487847,19.2548294,0.0972250849,0,zr,149.8462508,54.4911639
786206100002600,58509.3517477,18.9863243,0.0785624832,0,zr,149.8463007,54.4912214
786206100002600,58509.3547106,19.2380123,0.0959519744,0,zr,149.8464628,54.4913418
786206100002600,58509.3576736,18.9991188,0.0793726966,0,zr,149.8462409,54.4911998
786206100002600,58509.3606481,19.1058884,0.0864382088,0,zr,149.846238,54.4912268
786206100002600,58509.3636227,19.0528564,0.0828603953,0,zr,149.84634,54.4912799
786206100002600,58509.3665856,19.0303364,0.0813819841,0,zr,149.8462972,54.491146
786206100002600,58509.3695602,18.9904041,0.0788200423,0,zr,149.846158,54.4912422
786206100002600,58509.3725231,19.1036911,0.0862872824,0,zr,149.8462635,54.4912639
786206100002600,58509.3754977,19.1996918,0.0931036025,0,zr,149.846298,54.4912832
786206100002600,58509.3784722,19.0548573,0.0829928741,0,zr,149.8461919,54.4911791
786206100002600,58509.3814352,19.1315994,0.088222079,0,zr,149.8462001,54.4913148
786206100002600,58509.3843981,19.2762985,0.0988708735,0,zr,149.846357,54.491276
786206100002600,58509.3873727,18.9926167,0.0789600238,0,zr,149.8461982,54.4912838
786206100002600,58509.3903356,18.930912,0.0751419291,0,zr,149.8462416,54.4912611
786206100002600,58509.3932986,18.9878349,0.0786578059,0,zr,149.8462125,54.491325
786206100002600,58509.3962616,19.0459785,0.082406275,0,zr,149.8462507,54.4912296
786206100002600,58509.399213,19.1158867,0.0871280506,0,zr,149.8462214,54.4912492
786206100002600,58509.4021759,19.1043396,0.0863318071,0,zr,149.8461083,54.4912399
786206100002600,58509.4051389,19.088604,0.0852571353,0,zr,149.8462427,54.4912387
786206100002600,58509.4081019,18.9947891,0.0790976584,0,zr,149.8461364,54.4912094
786206100002600,58509.4110648,18.9555321,0.0766441077,0,zr,149.8462394,54.4912599
786206100002600,58509.4140278,19.0897789,0.0853369161,0,zr,149.8461301,54.4912922
786206100002600,58509.4169907,19.0786362,0.0845825821,0,zr,149.8462259,54.4912789
786206100002600,58509.4199653,19.0873241,0.0851702318,0,zr,149.8460762,54.491193
786206100002600,58509.4229282,19.0337372,0.081603691,0,zr,149.846177,54.4912721
786206100002600,58509.4258796,19.037035,0.0818192437,0,zr,149.8461866,54.491237
786206100002600,58509.4288426,18.9958019,0.079161942,0,zr,149.8462272,54.4912279
786206100002600,58509.4318171,19.2052689,0.0935135633,0,zr,149.8463415,54.4912859
786206100002600,58509.4347685,19.0982723,0.0859159678,0,zr,149.8461825,54.4912435
786206100002600,58509.4377199,19.0814114,0.0847698897,0,zr,149.8461677,54.4912758
786206100002600,58509.4406713,18.9840431,0.0784188807,0,zr,149.8462168,54.4912551
786206100002600,58509.4436227,19.0441856,0.0822882727,0,zr,149.8462446,54.4912732
786206100002600,58509.4465741,19.0558758,0.0830603838,0,zr,149.8461433,54.4912657
786206100002600,58509.4495255,19.0690384,0.0839376599,0,zr,149.8462078,54.4912546
786206100002600,58509.4524769,19.0614738,0.0834324509,0,zr,149.8461793,54.4913491
786206100002600,58509.4554282,19.0770893,0.0844783932,0,zr,149.8462015,54.4913471
786206100002600,58509.4583796,19.0738564,0.0842608884,0,zr,149.8463954,54.4912923
786206100002600,58510.2933681,19.0533371,0.0828921869,0,zr,149.8461649,54.4912465
786206100002600,58510.2963194,19.0329342,0.0815513432,0,zr,149.8460897,54.4912437
786206100002600,58510.2992708,19.2566891,0.0973667353,0,zr,149.8462121,54.4913038
786206100002600,58510.3022222,19.07621,0.0844191536,0,zr,149.8461749,54.4912754
786206100002600,58510.3051736,18.970499,0.0775710195,0,zr,149.8462676,54.4914625
786206100002600,58510.308125,19.1613388,0.0903259069,0,zr,149.8462541,54.4913598
786206100002600,58510.3140162,18.9852257,0.0784933195,0,zr,149.8462491,54.4912233
786206100002600,58510.3169676,19.095829,0.0857490897,0,zr,149.8461193,54.4912575
786206100002600,58510.319919,18.9873009,0.0786241144,0,zr,149.8462468,54.4912277
786206100002600,58513.4178125,19.0696411,0.0839780644,0,zr,149.8461962,54.491259
786206100002600,58514.4284838,18.7361965,0.0642197803,32768,zr,149.8462274,54.4913265
786206100002600,58514.4293866,19.106884,0.0865066797,32768,zr,149.8461818,54.4912494
786206100002600,58524.4436458,19.0350285,0.0816880018,0,zr,149.8462256,54.4912736
786206100002600,58534.3441551,19.0829945,0.0848769173,0,zr,149.8461838,54.4915407
786206100002600,58534.3450694,19.0837975,0.0849312842,0,zr,149.8463605,54.4913927
786206100002600,58540.2302083,19.1267891,0.0878858939,0,zr,149.8462072,54.4912882
786206100002600,58541.2775231,18.871273,0.0716181248,32768,zr,149.8465226,54.4914297
786206100002600,58541.279456,18.7450066,0.064678371,32768,zr,149.8462645,54.4913461
786206100002600,58543.2487847,19.0901489,0.0853621215,0,zr,149.8461282,54.4912737
786206100002600,58547.2012731,19.0615597,0.0834381729,0,zr,149.8462377,54.4912584
786206100002600,58547.2021759,19.1723537,0.09111619,0,zr,149.8461963,54.4912581
786206100002600,58558.2298495,19.1567364,0.089997448,0,zr,149.8462225,54.4912776
786206100002600,58561.1871412,18.5469666,0.0551299714,0,zr,149.8459459,54.4912963
786206100002600,58562.3419907,19.0604935,0.0833672136,0,zr,149.846118,54.4912672
786206100002600,58567.221956,19.0994339,0.0859954804,0,zr,149.8462135,54.4912488
786206100002600,58567.2228588,19.1014309,0.0861322358,0,zr,149.8462319,54.4912506
786206100002600,58568.2856713,19.109417,0.0866811126,0,zr,149.8461843,54.4912437
786206100002600,58572.2218056,19.0663338,0.0837567002,0,zr,149.8462443,54.4912777
786206100002600,58572.2226968,19.1385059,0.0887068212,0,zr,149.8461749,54.4912302
786206100002600,58573.245081,19.1598396,0.0902188569,0,zr,149.8462001,54.4913031
786206100002600,58574.194537,19.2112007,0.093951337,32768,zr,149.8461786,54.4912384
786206100002600,58575.2202546,19.1651764,0.0906005353,32768,zr,149.8462378,54.4912678
786206100002600,58575.2216435,19.1574535,0.0900485888,32768,zr,149.8461917,54.4912635
786206100002600,58580.2167014,19.1746387,0.0912809074,0,zr,149.8462237,54.4912645
786206100002600,58581.2408449,19.1055794,0.0864169821,0,zr,149.8462454,54.4912477
786206100002600,58581.2417593,19.2322235,0.0955170095,0,zr,149.8461975,54.491258
786206100002600,58582.2443634,19.2000504,0.0931299329,0,zr,149.8462202,54.4912586
786206100002600,58584.1774653,19.1036949,0.0862875208,0,zr,149.8462122,54.4912882
786206100002600,58584.1783681,19.0658398,0.0837237313,0,zr,149.8461326,54.4912513
786206100002600,58585.1606829,19.159956,0.0902271122,0,zr,149.8461844,54.4912612
786206100002600,58586.1966667,19.1600971,0.0902372375,0,zr,149.8462088,54.4912652
786206100002600,58587.1666782,19.3145103,0.101857327,0,zr,149.8462154,54.4912896
786206100002600,58588.1598495,18.764637,0.0657121092,32768,zr,149.8461514,54.4912268
786206100002600,58589.1948495,19.1170063,0.0872055888,32768,zr,149.8461696,54.491226
786206100002600,58591.3412037,19.0744362,0.0842998251,0,zr,149.8460334,54.4913081
786206100002600,58592.2274537,19.1067104,0.0864947811,0,zr,149.8462122,54.4912638
786206100002600,58594.1620486,19.2527313,0.0970654786,0,zr,149.8462077,54.4912788
786206100002600,58594.1629514,19.1743736,0.0912618265,0,zr,149.846191,54.4912911
786206100002600,58597.3447222,19.1345158,0.088426441,0,zr,149.8462667,54.4912648
786206100002600,58597.3456134,19.157896,0.0900801271,0,zr,149.8461727,54.4912626
786206100002600,58599.1608565,19.1411324,0.0888917372,0,zr,149.8462289,54.4912561
786206100002600,58601.2635532,19.1432915,0.0890440121,0,zr,149.8461997,54.4912583
786206100002600,58606.1798727,19.2786465,0.09905231,0,zr,149.8462146,54.4912531
786206100002600,58608.2383102,19.2124214,0.0940416381,0,zr,149.8461884,54.4912476
786206100002600,58608.242338,19.1271534,0.0879112631,0,zr,149.8462482,54.491289
786206100002600,58612.2009028,19.1645985,0.0905591995,0,zr,149.846204,54.4912515
786206100002600,58612.2018171,19.1645126,0.0905530527,0,zr,149.846191,54.4912566
786206100002600,58617.2412847,19.1302757,0.0881294832,0,zr,149.8462006,54.4912748
786206100002600,58617.2422338,19.2771835,0.0989392698,0,zr,149.8462437,54.4912895
786206100002600,58632.1861921,19.1832733,0.091905579,0,zr,149.8461703,54.4912777
786206100002600,58633.1814931,19.2153549,0.094258979,0,zr,149.8462515,54.4912608
786206100002600,58634.2601389,19.1082916,0.0866035819,0,zr,149.8462365,54.4912526
786206100002600,58634.2629167,19.1014767,0.0861353427,0,zr,149.8462362,54.4912707
786206100002600,58637.1721991,19.1396046,0.0887840912,0,zr,149.8461973,54.4912459
786206100002600,58640.2255903,19.0831566,0.0848878771,0,zr,149.8462373,54.491267
786206100002600,58643.2439236,19.0951958,0.0857058093,0,zr,149.8461778,54.4912804
786206100002600,58646.2153356,19.0393143,0.0819685012,0,zr,149.8462037,54.4912586
786206100002600,58649.2226273,19.0256691,0.0810786411,0,zr,149.8462359,54.4912637
786206100002600,58662.1851042,19.1069241,0.0865094587,0,zr,149.8462476,54.4912918
786206100002600,58757.4671181,18.9087105,0.0738112405,0,zr,149.8462582,54.4912712
786206100002600,58757.5107292,18.9259453,0.0748423114,0,zr,149.8462094,54.4912244
786206100002600,58760.5131944,18.9481659,0.0761917382,0,zr,149.8462214,54.4912509
786206100002600,58764.4897801,19.0221767,0.0808523893,0,zr,149.846193,54.4912409
786206100002600,58770.4890856,18.9708824,0.0775949359,0,zr,149.8461408,54.4912673
786206100002600,58778.4962731,19.1122074,0.0868736655,0,zr,149.8463216,54.4913609
786206100002600,58784.5306134,18.9837646,0.078401342,0,zr,149.8463921,54.4913355
786206100002600,58788.5362037,19.0330582,0.0815594271,0,zr,149.8462239,54.4912833
786206100002600,58791.5105093,19.0755882,0.0843772665,0,zr,149.8461625,54.4912589
786206100002600,58794.5372569,19.1079941,0.0865830556,0,zr,149.8461941,54.4912634
786206100002600,58804.5307755,19.0290451,0.0812979713,0,zr,149.8461458,54.491295
786206100002600,58804.5399769,18.9951439,0.079120189,0,zr,149.8461643,54.4911612
786206100002600,58806.5440625,18.987236,0.0786199793,0,zr,149.8461823,54.4912549
786206100002600,58827.4440046,18.9816399,0.0782678202,0,zr,149.8462413,54.491272
786206100002600,58830.4534838,18.9834614,0.0783822984,0,zr,149.8461879,54.4912653
786206100002600,58831.4318287,18.8528557,0.0705623925,0,zr,149.8462191,54.4913465
786206100002600,58833.4250579,19.1186047,0.0873164237,0,zr,149.8462647,54.4911991
786206100002600,58833.4875,19.1039352,0.0863040462,0,zr,149.8461905,54.49139
786206100002600,58834.5207523,19.023838,0.0809599161,0,zr,149.846331,54.4914953
786206100002600,58835.4542361,18.9592838,0.0768754631,0,zr,149.8461241,54.4912034
786206100002600,58836.4875463,19.0952187,0.085707441,0,zr,149.8461947,54.4912486
786206100002600,58846.4362384,19.0973072,0.08585006,0,zr,149.8461087,54.4912564
786206100002600,58846.4498264,19.1082153,0.0865983218,0,zr,149.8461518,54.4912648
786206100002600,58846.4507292,19.0973911,0.0858557597,0,zr,149.8461025,54.4912454
786206100002600,58849.4351505,19.1826954,0.0918636248,0,zr,149.8461927,54.4912451
786206100002600,58849.4360532,19.0902824,0.0853712037,0,zr,149.8462105,54.4912732
786206100002600,58850.4982292,19.0656986,0.0837142467,0,zr,149.8462294,54.4912287
786206100002600,58851.4875926,19.1250935,0.0877675936,0,zr,149.8461919,54.4912822
786206100002600,58852.4493519,19.1667404,0.0907126889,0,zr,149.8462127,54.4912381
786206100002600,58852.4502894,19.122406,0.0875805095,0,zr,149.8461201,54.4912496
786206100002600,58853.4369444,19.1176949,0.0872533396,0,zr,149.8461415,54.4912685
786206100002600,58854.4780671,18.9106617,0.0739273056,0,zr,149.8460707,54.4913333
786206100002600,58855.347963,18.9961777,0.0791857839,0,zr,149.8462237,54.4912323
786206100002600,58855.3510301,19.0447426,0.0823248997,0,zr,149.8462458,54.4913746
786206100002600,58859.2612847,18.9503918,0.0763281584,0,zr,149.8462495,54.4912593
786206100002600,58859.4360301,19.0722237,0.084151201,0,zr,149.846237,54.491284
786206100002600,58860.2894444,18.8486061,0.0703209192,0,zr,149.8462508,54.4912849
786206100002600,58860.3610648,18.9916668,0.0788998827,0,zr,149.8461937,54.4912667
786206100002600,58860.3633565,18.9893284,0.0787520185,0,zr,149.8462147,54.4912055
786206100002600,58861.3058681,19.0423698,0.0821689516,0,zr,149.8462666,54.4911802
786206100002600,58862.3291319,19.1073303,0.0865374282,0,zr,149.8462618,54.491219
786206100002600,58863.364537,19.0535831,0.0829084441,0,zr,149.8462477,54.4912771
786206100002600,58864.2393634,19.1688099,0.0908612609,0,zr,149.8461515,54.4912633
786206100002600,58864.2402662,19.0485992,0.0825789869,0,zr,149.8461715,54.4912652
786206100002600,58867.3459491,19.1654949,0.0906234458,0,zr,149.8462088,54.4912713
786206100002600,58867.3468519,19.1065083,0.086480841,0,zr,149.8461808,54.4912619
786206100002600,58871.2919907,19.1721306,0.0911001489,0,zr,149.8462231,54.4912677
786206100002600,58871.3208681,19.1960526,0.0928368941,0,zr,149.8462047,54.4912724
786206100002600,58871.3217824,19.1839714,0.0919562727,0,zr,149.8460977,54.4912297
786206100002600,58873.2826273,19.1638489,0.0905055106,0,zr,149.8461459,54.4912638
786206100002600,58873.2836921,19.1070366,0.0865171626,0,zr,149.8461343,54.4912581
786206100002600,58874.3222222,19.2354412,0.0957585722,0,zr,149.8461897,54.491267
786206100002600,58874.3232755,19.1446705,0.089141421,0,zr,149.8461382,54.4912529
786206100002600,58874.3243171,19.2286358,0.0952482373,0,zr,149.8461175,54.4912658
786206100002600,58875.2538773,19.1845665,0.0919994712,32768,zr,149.84609,54.4912576
786206100002600,58875.2594444,19.1253967,0.087788783,0,zr,149.8461465,54.4912372
786206100002600,58876.327581,19.2022629,0.0932924375,0,zr,149.8461479,54.491256
786206100002600,58876.3285185,19.1384144,0.0887003615,0,zr,149.8460946,54.4912468
786206100002600,58877.315787,19.0494022,0.0826320276,0,zr,149.8461302,54.4912733
786206100002600,58877.3167477,19.0894203,0.0853126124,0,zr,149.8460218,54.4912414
786206100002600,58877.3177083,19.0847282,0.0849943087,0,zr,149.8461808,54.4912969
786206100002600,58878.3297222,19.0451374,0.0823508725,0,zr,149.8460471,54.4912285
786206100002600,58878.3306944,19.1112804,0.0868096203,0,zr,149.8461328,54.4912791
786206100002600,58879.3164583,19.0451202,0.0823497698,0,zr,149.8462923,54.4912574
786206100002600,58880.320706,19.1462288,0.089251563,0,zr,149.8461469,54.4912615
786206100002600,58880.3248495,19.1251392,0.0877708346,0,zr,149.8461429,54.4912673
786206100002600,58880.325787,19.2568436,0.0973784626,0,zr,149.8461305,54.491279
786206100002600,58881.3471991,19.2490902,0.0967889577,0,zr,149.8461767,54.491274
786206100002600,58881.3481713,19.161129,0.0903109014,0,zr,149.8461388,54.4912551
786206100002600,58883.237419,19.1578789,0.0900789276,0,zr,149.8458834,54.4912325
786206100002600,58883.2392477,19.1381416,0.0886811614,0,zr,149.8463316,54.4911111
786206100002600,58883.2421759,19.1617718,0.0903568417,0,zr,149.846088,54.4913447
786206100002600,58884.1802546,18.8066616,0.0679803416,0,zr,149.8459988,54.4908744
786206100002600,58884.2413079,19.2027702,0.0933296978,0,zr,149.8463159,54.4912876
786206100002600,58884.2421991,18.9633732,0.077128455,0,zr,149.8460298,54.4912998
786206100002600,58885.2410301,18.9944725,0.0790776238,0,zr,149.8461032,54.4912537
786206100002600,58885.2443171,18.9944859,0.0790784657,0,zr,149.8461282,54.4912892
786206100002600,58886.2998032,19.1051331,0.0863862559,0,zr,149.8462957,54.4912766
786206100002600,58886.3007407,19.1593437,0.0901834592,0,zr,149.846276,54.4912951
786206100002600,58886.3060995,18.8622608,0.0710996017,0,zr,149.8462576,54.4913184
786206100002600,58890.4069329,19.1189137,0.0873378441,0,zr,149.8462664,54.491293
786206100002600,58890.4079745,19.0247784,0.0810208842,0,zr,149.8461971,54.4912761
786206100002600,58890.4090162,19.0952854,0.0857120007,0,zr,149.846181,54.4912477
786206100002600,58891.298831,19.0706482,0.0840454996,0,zr,149.8461994,54.4912601
786206100002600,58891.3018403,19.089262,0.0853018314,0,zr,149.8461979,54.4912852
786206100002600,58892.2504051,19.1148605,0.0870570093,0,zr,149.8461905,54.4912373
786206100002600,58892.2763426,19.1272984,0.0879214033,0,zr,149.8461863,54.4912537
786206100002600,58893.283831,19.1501713,0.0895307809,0,zr,149.846179,54.4912539
786206100002600,58893.2875231,19.1809654,0.0917382389,0,zr,149.8461881,54.4912731
786206100002600,58893.2885301,19.1008091,0.0860895962,0,zr,149.8461511,54.4912759
786206100002600,58894.2815046,19.2070656,0.093646057,0,zr,149.8461285,54.4912672
786206100002600,58894.2824653,19.1942863,0.0927077457,0,zr,149.8461539,54.4912595
786206100002600,58895.2875926,19.2218342,0.0947404727,0,zr,149.8461335,54.4912632
786206100002600,58895.2884954,19.2118492,0.0939993039,0,zr,149.8461755,54.4912459
786206100002600,58896.3047106,19.2033348,0.0933712423,0,zr,149.846143,54.4912582
786206100002600,58896.305625,19.2416077,0.0962229669,0,zr,149.8461856,54.4912714
786206100002600,58896.3070718,19.1567383,0.0899976119,0,zr,149.8461955,54.4912661
786206100002600,58898.3087384,19.2312107,0.0954410434,32768,zr,149.8462023,54.4912453
786206100002600,58899.2850579,19.2632427,0.0978672504,0,zr,149.8461445,54.4912569
786206100002600,58899.2928588,19.1897945,0.092379868,0,zr,149.846199,54.4912503
786206100002600,58899.2937616,19.1100121,0.0867221206,0,zr,149.8461468,54.4912516
786206100002600,58900.2372338,19.092989,0.0855553672,0,zr,149.8461619,54.4912672
786206100002600,58900.2609838,19.1277714,0.0879544467,0,zr,149.8461833,54.4912628
786206100002600,58903.2175116,19.179842,0.0916569158,0,zr,149.8461385,54.4912837
786206100002600,58903.2193519,19.1410332,0.0888847634,0,zr,149.8461334,54.4912646
786206100002600,58904.2385532,19.1757889,0.0913639218,0,zr,149.8461758,54.4912755
786206100002600,58905.2392477,19.1230888,0.0876280442,0,zr,149.8461666,54.4912734
786206100002600,58906.2397917,19.1094112,0.0866806954,0,zr,149.8462268,54.4912516
786206100002600,58906.2407523,19.2014046,0.0932293907,0,zr,149.8461298,54.4912703
786206100002600,58909.3261458,19.1663189,0.0906824991,0,zr,149.8460879,54.4912455
786206100002600,58909.3270486,19.1852417,0.0920484811,32768,zr,149.8461045,54.4912637
786206100002600,58911.2287384,19.1531124,0.0897395685,0,zr,149.8460828,54.4912913
786206100002600,58912.2203356,19.1059914,0.0864452571,0,zr,149.8462553,54.4912307
786206100002600,58912.2227431,19.0632229,0.0835490823,0,zr,149.8462105,54.491272
786206100002600,58913.2023148,19.1875038,0.0922130048,0,zr,149.8461495,54.4912745
786206100002600,58913.2176852,19.0845394,0.0849814713,0,zr,149.8461808,54.491258
786206100002600,58914.3443634,19.3111324,0.101590343,0,zr,149.846275,54.4912594
786206100002600,58915.1542708,19.0771389,0.0844816789,0,zr,149.8462262,54.4912146
786206100002600,58915.1552083,19.1853905,0.0920593068,0,zr,149.8461898,54.4912284
786206100002600,58939.1816435,19.1887245,0.0923018679,0,zr,149.8462284,54.4912556
786206100002600,58939.2151505,19.2697983,0.0983701944,0,zr,149.8461753,54.4912694
786206100002600,58939.216956,19.2568665,0.097380273,0,zr,149.8462101,54.4912604
786206100002600,58940.2259144,19.1317501,0.0882325917,0,zr,149.8462123,54.4912701
786206100002600,58944.1756481,19.1435814,0.0890644565,0,zr,149.8461968,54.4912904
786206100002600,58944.1765509,19.164484,0.0905510038,0,zr,149.8462313,54.4912109
786206100002600,58954.2142593,19.162796,0.0904301628,0,zr,149.8461532,54.4912972
786206100002600,58954.2152199,19.2084923,0.0937512368,0,zr,149.846203,54.491243
786206100002600,58955.2231829,19.3125134,0.101699464,0,zr,149.846182,54.4912631
786206100002600,58956.2542245,19.272604,0.0985860229,0,zr,149.8461928,54.4912624
786206100002600,58962.178669,19.2507591,0.0969156027,0,zr,149.8461844,54.4912543
786206100002600,58962.1796296,19.245966,0.0965523496,0,zr,149.8461771,54.4912271
786206100002600,58964.2456944,19.1654549,0.0906205401,0,zr,149.8461998,54.4912719
786206100002600,58965.1833565,19.1616592,0.0903488249,0,zr,149.8462123,54.4912543
786206100002600,58966.1977662,18.9629364,0.0771013498,32768,zr,149.8462041,54.4912699
786206100002600,58967.1764005,19.1711998,0.0910331234,0,zr,149.846176,54.4912625
786206100002600,58968.1894676,19.1826553,0.0918607712,0,zr,149.8461847,54.4912631
786206100002600,58968.1904282,19.1262398,0.0878475532,0,zr,149.8461577,54.4912439
786206100002600,58969.1818981,19.1752701,0.0913264975,32768,zr,149.8462663,54.4912929
786206100002600,58971.1532639,19.1662655,0.0906786621,0,zr,149.8462469,54.4912479
786206100002600,58971.154213,19.1148319,0.0870550275,0,zr,149.8462425,54.4912429
786206100002600,58971.1590278,19.2100487,0.0938662216,0,zr,149.8461605,54.4912613
786206100002600,58972.1834722,19.2102699,0.0938826054,0,zr,149.8461891,54.4912425
786206100002600,58973.1799537,19.1403465,0.0888364017,0,zr,149.8463349,54.4912315
786206100002600,58974.2451505,19.0944576,0.0856554732,0,zr,149.846236,54.4912613
786206100002600,58974.2460995,18.9870167,0.0786061436,0,zr,149.846267,54.4912408
786206100002600,58975.1807407,19.1447525,0.0891472176,0,zr,149.8462267,54.4912435
786206100002600,58976.229294,19.1777611,0.0915063545,0,zr,149.8462605,54.4912454
786206100002600,58977.2235995,19.0154076,0.0804153457,0,zr,149.8462087,54.4912795
786206100002600,58977.2245255,19.1662407,0.090676859,0,zr,149.8462528,54.4912591
786206100002600,58978.2265162,19.1307106,0.0881598368,0,zr,149.8461649,54.4912576
786206100002600,58980.2396644,19.1610394,0.0903045237,0,zr,149.8461851,54.491268
786206100002600,58980.2406019,19.0717926,0.084122248,0,zr,149.84615,54.4912596
786206100002600,58981.2251968,19.1150322,0.0870688856,0,zr,149.8462207,54.4912778
786206100002600,58986.2444329,19.144577,0.0891347602,0,zr,149.8461776,54.491221
786206100002600,58986.2453704,19.1204796,0.0874466002,0,zr,149.8462199,54.491249
786206100002600,58987.1790046,19.1086712,0.0866296962,0,zr,149.846117,54.4912658
786206100002600,58991.2182292,19.0658455,0.0837241262,0,zr,149.8462021,54.4912677
786206100002600,58992.2281944,19.1653214,0.0906109735,0,zr,149.846227,54.4912495
786206100002600,58992.2296181,19.120966,0.087480396,0,zr,149.8461597,54.4912605
786206100002600,58995.2434375,19.241991,0.0962518603,0,zr,149.846196,54.491266
786206100002600,58996.2360532,19.1230621,0.0876261368,0,zr,149.8461788,54.4912618
786206100002600,58996.2369907,19.1874695,0.0922104865,0,zr,149.8461872,54.491258
786206100002600,58997.2405324,19.168766,0.0908581764,0,zr,149.8462035,54.4912592
786206100002600,58998.2285648,19.0534897,0.0829022974,0,zr,149.8462374,54.491263
786206100002600,58999.1842708,19.1689053,0.0908681154,0,zr,149.846107,54.4913107
786206100002600,58999.1871181,19.0263767,0.0811246037,0,zr,149.846155,54.491255
786206100002600,59005.2489583,19.1935043,0.0926505923,32768,zr,149.8463462,54.4912905
786206100002600,59011.2434375,19.1291733,0.0880523846,0,zr,149.8462088,54.4912931
786206100002600,59024.1754745,19.3155785,0.101941854,0,zr,149.8461594,54.4912317
786206100002600,59024.1803704,19.1519127,0.0896543786,0,zr,149.8462128,54.4912675
786206100002600,59024.1901505,19.198101,0.092986986,0,zr,149.846234,54.4912508
786206100002600,59026.1740625,19.1045113,0.0863435864,0,zr,149.8462177,54.4912727
786206100002600,59026.1788542,19.140379,0.0888386518,0,zr,149.8461926,54.4912434
786206100002600,59026.1836458,19.1563358,0.0899689198,0,zr,149.8462066,54.4912185
786206100002600,59026.1884491,19.1105309,0.0867578834,0,zr,149.84621,54.4912587
786206100002600,59027.1778241,19.0742111,0.0842846781,0,zr,149.8463028,54.4912952
786206100002600,59032.1725579,19.1779518,0.0915201455,0,zr,149.8459562,54.4913603
786206100002600,59032.1776157,19.1027107,0.0862199515,0,zr,149.8462568,54.4912442
786206100002600,59034.1751505,19.1708393,0.0910072252,0,zr,149.8462904,54.4913096
786206100002600,59034.1898611,19.0418758,0.0821364522,0,zr,149.846198,54.4912136
786206100002600,59036.1709491,19.0507679,0.0827222615,0,zr,149.8462697,54.4912422
786206100002600,59036.1758449,19.0694771,0.0839670524,0,zr,149.8462001,54.4912345
786206100002600,59036.1807407,19.0979767,0.0858957618,0,zr,149.8462563,54.4912143
786206100002600,59036.1856597,19.2841415,0.0994779542,0,zr,149.846255,54.4912721
786206100002600,59124.4677083,18.9758472,0.0779048279,0,zr,149.8461965,54.4912551
786206100002600,59126.5129514,19.0925941,0.0855284929,0,zr,149.8462437,54.4912735
786206100002600,59128.5164815,18.9201088,0.0744916275,0,zr,149.8462387,54.4912455
786206100002600,59135.508206,19.1198978,0.0874061957,0,zr,149.8461811,54.4912689
786206100002600,59137.5075463,19.1298504,0.0880997181,0,zr,149.8461782,54.4912453
786206100002600,59139.5122222,19.2231846,0.0948411077,0,zr,149.8461786,54.4912416
786206100002600,59141.5085185,19.0896034,0.0853250101,0,zr,149.8461468,54.4912622
786206100002600,59143.4724306,19.1348743,0.088451609,0,zr,149.846171,54.491228
786206100002600,59145.5141667,19.1364422,0.0885616764,0,zr,149.846158,54.4912418
786206100002600,59151.4504745,19.0918159,0.0854754895,0,zr,149.8462513,54.4912606
786206100002600,59153.4873032,19.1075096,0.0865497366,0,zr,149.8461823,54.4912771
786206100002600,59156.528206,19.0122662,0.0802132934,0,zr,149.8462325,54.4912387
786206100002600,59158.5123727,19.1269569,0.0878976136,0,zr,149.8462682,54.491303
786206100002600,59165.4704051,19.1502266,0.0895347595,0,zr,149.8461526,54.4912882
786206100002600,59168.426794,19.1190643,0.0873483568,0,zr,149.8461772,54.4913147
786206100002600,59170.5327431,19.1480026,0.0893770978,0,zr,149.8461772,54.491241
786206100002600,59173.5156481,19.0204411,0.080740124,0,zr,149.8461949,54.4912483
786206100002600,59175.5075116,19.0598564,0.0833248645,0,zr,149.8461758,54.4912533
786206100002600,59181.4976157,19.1662273,0.0906759202,0,zr,149.8462045,54.4912355
786206100002600,59183.513588,19.0855408,0.0850493088,0,zr,149.8462397,54.4913082
786206100002600,59187.467037,19.0251541,0.0810452476,0,zr,149.8465025,54.4913657
786206100002600,59193.4062731,19.1023426,0.0861947611,0,zr,149.8462295,54.4912773
786206100002600,59194.4729282,19.1787758,0.0915797129,0,zr,149.8460115,54.491368
786206100002600,59196.5003241,19.0393066,0.0819679424,0,zr,149.8460582,54.4913459
786206100002600,59199.3841782,19.0517559,0.0827874988,0,zr,149.8461055,54.491298
786206100002600,59202.5299421,19.1561737,0.0899573565,0,zr,149.8461999,54.4912025
786206100002600,59204.4257639,19.103199,0.0862534717,0,zr,149.8461943,54.4912711
786206100002600,59206.4981366,18.9418316,0.0758047178,32768,zr,149.8461799,54.491326
786206100002600,59215.4474769,18.9243889,0.0747486129,0,zr,149.8462135,54.4912274
786206100002600,59217.3871065,19.0767307,0.0844542235,0,zr,149.8461632,54.4912675
786206100002600,59219.3462963,19.1144524,0.0870288014,0,zr,149.8462179,54.4912322
786206100002600,59221.4079398,19.0445042,0.0823092163,0,zr,149.8462489,54.4912889
786206100002600,59223.4520486,19.0228806,0.0808979198,0,zr,149.8461496,54.4912352
786206100002600,59225.4025231,19.0043697,0.0797074437,0,zr,149.8461498,54.49128
786206100002600,59227.3711227,19.0233803,0.0809302628,0,zr,149.8461527,54.4912434
786206100002600,59229.4149306,19.0012512,0.0795084909,0,zr,149.8461292,54.4913801
786206100002600,59231.368831,19.0337486,0.0816044807,0,zr,149.8462036,54.4912343
786206100002600,59248.4307986,18.9949455,0.0791075602,0,zr,149.8461995,54.4912716
786206100002600,59250.3441204,18.9709644,0.0776000619,0,zr,149.84616,54.4912759
786206100002600,59252.3083102,19.0620956,0.0834739059,0,zr,149.8462057,54.4912551
786206100002600,59254.4110995,19.0492363,0.0826210827,0,zr,149.8461845,54.4912701
786206100002600,59256.4119676,19.0677032,0.0838482901,0,zr,149.8461719,54.4912675
786206100002600,59262.221088,19.0117569,0.0801806003,0,zr,149.8462144,54.4912408
786206100002600,59264.3007292,19.0820274,0.0848115459,0,zr,149.8461872,54.4912371
786206100002600,59266.2681366,18.982584,0.0783271343,0,zr,149.8461729,54.4912558
786206100002600,59268.2968519,18.9842854,0.0784341097,0,zr,149.8462338,54.4912693
786206100002600,59270.3071528,18.9300041,0.0750871226,0,zr,149.8463071,54.4912827
786206100002600,59272.2771181,18.9792805,0.0781197995,0,zr,149.8462038,54.4912878
786206100002600,59274.3905556,18.8045158,0.0678626746,0,zr,149.8461442,54.4911991
786206100002600,59280.2628125,19.0542183,0.0829505324,0,zr,149.8461675,54.4912693
786206100002600,59292.2317824,19.0513058,0.0827577934,0,zr,149.8462314,54.4912601
786206100002600,59294.2171991,18.9736614,0.0777682289,0,zr,149.846213,54.4912481
786206100002600,59296.3402778,19.0702629,0.0840196759,0,zr,149.846117,54.4913063
786206100002600,59298.2821065,19.0389919,0.0819473192,0,zr,149.8462205,54.4912367
786206100002600,59302.200787,18.917799,0.0743532553,0,zr,149.8463248,54.4912974
786206100002600,59304.1818056,18.9719124,0.0776591226,0,zr,149.8461665,54.4912187
786206100002600,59306.2466551,19.0832672,0.0848953873,0,zr,149.8461545,54.4912592
786206100002600,59308.2086227,18.9780083,0.0780400038,0,zr,149.8461645,54.4912519
786206100002600,59310.3053704,19.051796,0.0827901885,0,zr,149.8461496,54.4912921
786206100002600,59312.3018866,19.0386353,0.0819239765,0,zr,149.8462009,54.4912609
786206100002600,59314.175706,19.0382977,0.0819018781,0,zr,149.8461887,54.4912777
786206100002600,59316.2849306,19.0898247,0.0853400826,0,zr,149.8461471,54.4912688
786206100002600,59319.2040162,19.0980473,0.0859005749,0,zr,149.8461536,54.4912836
786206100002600,59321.2296065,18.985672,0.0785214007,0,zr,149.8462003,54.4912491
786206100002600,59323.2225694,18.9650459,0.0772321224,0,zr,149.846169,54.4912765
786206100002600,59325.1771991,18.9720249,0.0776661187,0,zr,149.8462382,54.4912474
786206100002600,59329.2067824,18.9896564,0.0787728056,0,zr,149.8462591,54.491245
786206100002600,59335.186331,18.9626217,0.0770818666,0,zr,149.8461418,54.4912697
786206100002600,59338.2490972,19.0504074,0.0826983899,0,zr,149.8462079,54.4912767
786206100002600,59340.2643287,18.9408169,0.0757429153,0,zr,149.8462015,54.4912599
786206100002600,59342.2612616,18.9759102,0.0779087171,0,zr,149.8461669,54.4912582
786206100002600,59344.2146759,19.0409737,0.0820773095,0,zr,149.8461671,54.4912669
786206100002600,59348.2053125,19.0058804,0.0798039734,0,zr,149.846234,54.4912669
786206100002600,59350.2351157,18.9639091,0.0771616176,0,zr,149.8461184,54.491303
786206100002600,59353.1957407,18.9235554,0.0746985003,0,zr,149.8461948,54.4912557
786206100002600,59355.2005208,18.9778156,0.0780279934,0,zr,149.8460773,54.4913039
786206100002600,59361.1876273,18.9464417,0.0760861635,0,zr,149.8461987,54.4912676
786206100002600,59488.5335301,19.2161999,0.0943216681,0,zr,149.8461966,54.4912815
786206100002600,59496.4524074,18.9888096,0.0787192732,0,zr,149.8461644,54.491217
786206100002600,59500.491875,19.0039177,0.0796786025,0,zr,149.8460995,54.4913095
786206100002600,59509.4721181,19.0120373,0.080198586,0,zr,149.8462469,54.4912699
786206100002600,59511.4106019,18.9864845,0.0785726234,0,zr,149.8461895,54.4912556
786206100002600,59518.5173032,19.0327549,0.0815396011,0,zr,149.8461694,54.4912618
786206100002600,59522.4949074,19.0064774,0.0798421651,0,zr,149.8461312,54.491262
786206100002600,59524.4678241,19.0153961,0.0804146528,0,zr,149.8461814,54.4912409
786206100002600,59526.5150579,19.0727024,0.08418338,0,zr,149.8461824,54.491254
786206100002600,59529.4140278,18.9192028,0.0744373351,0,zr,149.8461943,54.4912666
786206100002600,59531.4115625,18.9829559,0.0783505142,0,zr,149.8461642,54.4912626
786206100002600,59536.5115972,18.9776878,0.0780200139,0,zr,149.8462439,54.4912727
786206100002600,59550.3692361,19.0384178,0.0819097683,0,zr,149.8461567,54.4912632
786206100002600,59622.3299306,18.8830986,0.0723040327,0,zr,149.8461961,54.4912605
786206100002600,59624.364838,18.9389839,0.0756313279,0,zr,149.8462481,54.4912622
786206100002600,59627.3694676,19.0181332,0.0805910826,0,zr,149.8461654,54.4913088
786206100002600,59629.3460301,18.8479538,0.0702839419,0,zr,149.8462271,54.4912671
786206100002600,59636.3465162,18.9519024,0.0764208585,0,zr,149.8461918,54.4912781
786206100002600,59638.3897569,18.9757767,0.0779003501,0,zr,149.8461235,54.491286
786206100002600,59640.3210648,18.9967575,0.0792225674,0,zr,149.8462075,54.4912621
786206100002600,59671.3414352,19.0052795,0.0797655731,0,zr,149.8462082,54.4912431
786206100002600,59674.3252894,18.957056,0.0767379776,0,zr,149.8462195,54.4912541
786206100002600,59680.2360648,18.7882938,0.0669795871,0,zr,149.8461287,54.4911679
786206100002600,59683.2476736,18.932373,0.0752303153,0,zr,149.8462201,54.4912671
786206100002600,59685.224919,18.996769,0.0792233273,0,zr,149.8462248,54.491269
786206100002600,59688.3405208,18.8411331,0.0698982328,32768,zr,149.846223,54.4912697
786206100002600,59694.1782755,19.0487595,0.0825896114,0,zr,149.8462129,54.4912697
786206100002600,59696.2396528,19.0221291,0.0808493048,0,zr,149.8462302,54.4912773
786206100002600,59699.1723611,18.9766579,0.0779555291,0,zr,149.8462139,54.4912653
1788213200018197,58439.3666088,18.9921188,0.0808109045,0,zr,149.8462741,54.4912434
1788213200018197,58448.4319444,18.989357,0.0806402415,0,zr,149.8461402,54.4912987
1788213200018197,58449.4273843,19.0985413,0.087626487,0,zr,149.8462635,54.491244
1788213200018197,58455.5318981,18.9474335,0.0780884847,32768,zr,149.8463167,54.4912099
1788213200018197,58476.4293171,18.9140644,0.0761088282,0,zr,149.8461779,54.4912358
1788213200018197,58481.4434259,19.0615635,0.0852051973,0,zr,149.8462067,54.4912711
1788213200018197,58492.4573495,19.2152309,0.0956377983,32768,zr,149.8461303,54.4911783
1788213200018197,58493.4507292,19.026516,0.0829625726,0,zr,149.8462274,54.4912584
1788213200018197,58509.4739815,19.1257706,0.0894456506,0,zr,149.8462063,54.4912569
1788213200018197,58540.2276505,19.157711,0.0916187018,0,zr,149.8461798,54.4913279
1788213200018197,58558.1922454,19.1400433,0.0904114693,0,zr,149.8461363,54.4911479
1788213200018197,58582.1973843,19.1391373,0.0903499275,0,zr,149.8462353,54.4912463
1788213200018197,58585.1452662,19.225071,0.0963389426,0,zr,149.8461572,54.491275
1788213200018197,58586.2075,19.204895,0.0949056298,0,zr,149.8461694,54.4912626
1788213200018197,58592.2867245,19.4203453,0.111041784,0,zr,149.8461751,54.4912108
1788213200018197,58593.3251736,19.1894932,0.0938226879,0,zr,149.8462834,54.491286
1788213200018197,58618.2015972,19.1430588,0.0906166434,0,zr,149.8461876,54.4912787
1788213200018197,58757.4825463,18.9783859,0.0799654946,0,zr,149.846276,54.4912546
1788213200018197,58770.4680208,19.0432434,0.08402659,0,zr,149.8461332,54.4913026
1788213200018197,58770.4684722,19.0728378,0.0859373957,0,zr,149.8461961,54.4912246
1788213200018197,58771.4674421,18.9361229,0.0774123743,0,zr,149.8459389,54.4912104
1788213200018197,58783.5160764,19.2136497,0.0955255404,0,zr,149.8462659,54.4913311
1788213200018197,58783.5165394,18.9987011,0.0812188834,0,zr,149.8462361,54.491252
1788213200018197,58804.5404282,18.9089737,0.0758108273,0,zr,149.8462087,54.4912716
1788213200018197,58804.5408796,18.9507771,0.0782893673,0,zr,149.8463664,54.4913393
1788213200018197,58806.5476968,19.0638046,0.0853503421,0,zr,149.8462459,54.4912519
1788213200018197,58806.5481481,19.0070496,0.0817388594,0,zr,149.8462098,54.4912337
1788213200018197,58830.4370949,18.9719181,0.0795700774,0,zr,149.8462042,54.4912518
1788213200018197,58830.4375463,19.06353,0.0853324905,0,zr,149.8462275,54.4912515
1788213200018197,58831.4322801,19.138176,0.0902846754,0,zr,149.8463139,54.4914088
1788213200018197,58833.4232523,19.0050697,0.0816152841,0,zr,149.84613,54.4913617
1788213200018197,58833.4255093,18.9324074,0.0771914795,0,zr,149.8460826,54.4911906
1788213200018197,58835.4533333,18.9856491,0.0804116726,0,zr,149.8458064,54.4911678
1788213200018197,58835.4537847,18.9701824,0.0794642419,0,zr,149.8461804,54.4912593
1788213200018197,58846.4371412,19.1532154,0.0913103223,0,zr,149.846248,54.4912628
1788213200018197,58846.4375926,19.0739365,0.0860090554,0,zr,149.8462709,54.4912434
1788213200018197,58851.4498495,19.0807266,0.0864529163,0,zr,149.8462139,54.4912724
1788213200018197,58856.3018634,19.1060562,0.088125512,0,zr,149.8462148,54.4912491
1788213200018197,58856.3023148,19.0959263,0.0874533802,0,zr,149.8461566,54.4912553
1788213200018197,58859.277963,19.1656418,0.0921648145,0,zr,149.8462401,54.4912411
1788213200018197,58859.2784028,19.052536,0.0846226588,0,zr,149.8462332,54.4912484
1788213200018197,58860.2898958,18.9147892,0.0761513487,0,zr,149.8462811,54.4912603
1788213200018197,58860.2907986,18.9096127,0.0758481771,0,zr,149.8462161,54.4912654
1788213200018197,58862.3722917,19.1143837,0.0886811614,0,zr,149.846206,54.4912763
1788213200018197,58862.3727431,19.1658878,0.0921817496,0,zr,149.8462412,54.4912272
1789216200003158,58439.3766435,19.0500259,0.0729909465,0,zr,149.8462118,54.4912622
1789216200003158,58448.4574769,19.0521469,0.0731037557,0,zr,149.8461815,54.4913457
1789216200003158,58449.4282986,18.9656582,0.0686292052,0,zr,149.8462949,54.491267
1789216200003158,58468.5211574,19.0827789,0.0747508705,0,zr,149.8462262,54.4912526
1789216200003158,58476.4298032,19.0628166,0.0736737996,0,zr,149.8461774,54.4912689
1789216200003158,58481.4424884,19.2114182,0.0820264816,0,zr,149.8461153,54.4913237
1789216200003158,58492.4555093,19.266283,0.0853053704,32768,zr,149.8461126,54.4912388
1789216200003158,58493.4493287,19.0597248,0.0735081956,0,zr,149.8462543,54.4912652
1789216200003158,58509.4697917,19.0321465,0.0720460191,0,zr,149.8461994,54.4912842
1789216200003158,58540.2384028,19.0177841,0.0712950155,0,zr,149.8461335,54.4912999
1789216200003158,58557.2703935,18.9242706,0.0665790513,0,zr,149.8462369,54.4914333
1789216200003158,58558.1940625,19.0324726,0.0720631257,0,zr,149.8461918,54.4912903
1789216200003158,58559.2080787,19.1798115,0.0801851451,0,zr,149.846202,54.4912315
1789216200003158,58574.2107755,19.0634098,0.0737055689,32768,zr,149.8462162,54.4912439
1789216200003158,58582.1983333,19.0711632,0.0741224214,0,zr,149.8462154,54.4912759
1789216200003158,58585.146169,19.1220322,0.0769094825,0,zr,149.8461926,54.4912453
1789216200003158,58586.2084259,19.1060581,0.0760245249,0,zr,149.8462031,54.4911961
1789216200003158,58589.2061111,19.1576748,0.0789163783,32768,zr,149.8462859,54.491261
1789216200003158,58592.2835185,19.1789074,0.0801330134,0,zr,149.8460899,54.4912703
1789216200003158,58618.2132986,19.0412636,0.0725264847,0,zr,149.8462595,54.4912309
1789216200003158,58757.4887847,18.9430046,0.067499809,0,zr,149.8462473,54.491248
1789216200003158,58770.4741204,19.0355301,0.0722239763,0,zr,149.8461733,54.491254
1789216200003158,58770.4745718,18.9075584,0.0657677203,0,zr,149.8463036,54.4912791
1789216200003158,58771.4814236,19.1197548,0.0767828077,0,zr,149.8460956,54.4912305
1789216200003158,58771.481875,18.932497,0.0669819117,0,zr,149.8463209,54.4914876
1789216200003158,58806.5499769,18.9618683,0.0684390515,0,zr,149.8462342,54.4912481
1789216200003158,58806.5504282,19.0438843,0.0726650953,0,zr,149.8461912,54.4912145
1789216200003158,58831.4336458,18.9207916,0.0664094016,0,zr,149.8462715,54.4912678
1789216200003158,58831.4354514,19.0300808,0.071937561,0,zr,149.8464001,54.4912686
1789216200003158,58833.4370023,19.1778736,0.0800734237,0,zr,149.846219,54.4912696
1789216200003158,58833.4374537,19.0528908,0.0731433704,0,zr,149.84628,54.4912951
1789216200003158,58846.4344329,18.9525433,0.0679732487,0,zr,149.846197,54.4912697
1789216200003158,58846.4348843,19.1161575,0.076582998,0,zr,149.8462777,54.4912474
1789216200003158,58851.4512269,19.1045399,0.0759409219,0,zr,149.8462455,54.4912946
1789216200003158,58851.4516782,19.0699215,0.0740555599,0,zr,149.8462569,54.4912318
1789216200003158,58859.2788773,19.1420479,0.0780310258,0,zr,149.8461936,54.4912806
1789216200003158,58859.2797917,18.9186573,0.066305466,0,zr,149.8462511,54.4913027
1789216200003158,58860.3021296,18.8626022,0.0636318475,0,zr,149.8464755,54.4913294
1789216200003158,58860.302581,19.1937065,0.0809903219,0,zr,149.8462789,54.4912984
1789216200003158,58862.3713657,19.086956,0.0749780014,0,zr,149.8462193,54.4913531
1789216200003158,58862.3718171,18.9733124,0.0690147951,0,zr,149.8462878,54.4912686
1789216200003158,58893.3321181,19.0972404,0.0755399093,0,zr,149.8462333,54.4912614
1789216200003158,58893.3325694,19.1030426,0.0758585036,0,zr,149.8461928,54.491252
1789216200003158,58899.2750347,19.1133194,0.0764257461,0,zr,149.8462128,54.4912647
1789216200003158,58899.2754861,19.1084518,0.0761565715,0,zr,149.8461652,54.4912621
1789216200003158,58900.2363194,19.1054878,0.0759931281,0,zr,149.8462193,54.4912328
1789216200003158,58900.2367708,19.054678,0.0732386708,0,zr,149.8462215,54.4912578
1789216200003158,58939.1829977,19.0833035,0.0747793466,0,zr,149.8462055,54.4912558
1789216200003158,58939.1834491,19.1819801,0.0803103521,0,zr,149.8461969,54.491271
1789216200003158,59054.1612269,18.9806557,0.0693866163,0,zr,149.8460161,54.4912344
